2013-07-18T10-54-08.369  15.175443,-5.2109637,-7.7029815
2013-07-18T10-54-08.372  -1.6088544,-6.705456,1.187331
2013-07-18T10-54-08.376  0.72868466,-5.0576825,3.409909
2013-07-18T10-54-08.393  2.8363018,-3.1033466,4.8277607
2013-07-18T10-54-08.395  5.327122,-1.07237,5.8240886
2013-07-18T10-54-08.409  8.929232,0.4604425,6.628815
2013-07-18T10-54-08.411  13.029505,3.1045442,7.2419405
2013-07-18T10-54-08.430  17.819544,5.786966,10.039323
2013-07-18T10-54-08.431  19.543959,7.779622,10.690768
2013-07-18T10-54-08.433  19.543959,9.96388,11.763737
2013-07-18T10-54-08.438  19.543959,11.841576,15.442487
2013-07-18T10-54-08.463  19.543959,13.757591,15.519128
2013-07-18T10-54-08.465  19.543959,15.290403,17.01362
2013-07-18T10-54-08.466  19.543959,15.826888,18.163229
2013-07-18T10-54-08.470  19.543959,16.938177,18.546432
2013-07-18T10-54-08.493  19.543959,17.627943,19.46612
2013-07-18T10-54-08.495  19.543959,17.47466,19.581081
2013-07-18T10-54-08.507  19.543959,17.47466,19.581081
2013-07-18T10-54-08.508  19.543959,16.746574,19.581081
2013-07-18T10-54-08.510  19.543959,15.405364,19.581081
2013-07-18T10-54-08.523  19.543959,13.719271,19.581081
2013-07-18T10-54-08.526  19.543959,11.879895,19.581081
2013-07-18T10-54-08.539  19.543959,9.695638,19.581081
2013-07-18T10-54-08.542  19.543959,7.9329033,19.581081
2013-07-18T10-54-08.556  19.199076,6.055208,19.581081
2013-07-18T10-54-08.558  16.669935,4.4074345,19.4278
2013-07-18T10-54-08.579  13.949192,2.4530988,18.43147
2013-07-18T10-54-08.580  10.960208,0.69036436,16.170572
2013-07-18T10-54-08.597  8.239466,-0.9190887,14.062956
2013-07-18T10-54-08.598  5.672005,-2.4519012,11.878698
2013-07-18T10-54-08.600  3.334466,-3.4482293,9.426198
2013-07-18T10-54-08.606  1.3034893,-4.5211983,6.7820964
2013-07-18T10-54-08.624  -0.1526825,-5.479206,4.214636
2013-07-18T10-54-08.626  -1.5705341,-6.475534,1.685495
2013-07-18T10-54-08.648  -2.8351045,-7.4718623,-0.8053253
2013-07-18T10-54-08.649  -4.252956,-8.506511,-2.9129424
2013-07-18T10-54-08.660  -5.862409,-9.886042,-4.560716
2013-07-18T10-54-08.661  -7.8550653,-10.88237,-5.403763
2013-07-18T10-54-08.663  -9.69444,-11.380534,-5.940247
2013-07-18T10-54-08.679  -11.303893,-11.572136,-6.0935283
2013-07-18T10-54-08.681  -12.836706,-11.802057,-6.400091
2013-07-18T10-54-08.694  -13.909675,-11.840378,-6.515052
2013-07-18T10-54-08.695  -14.867682,-11.572136,-7.281458
2013-07-18T10-54-08.711  -15.212565,-11.840378,-8.239466
2013-07-18T10-54-08.712  -15.135924,-12.261901,-8.584349
2013-07-18T10-54-08.727  -15.212565,-12.568463,-8.354427
2013-07-18T10-54-08.728  -15.404167,-12.453503,-7.051536
2013-07-18T10-54-08.745  -15.9789715,-12.261901,-5.8636065
2013-07-18T10-54-08.746  -16.208893,-11.533815,-4.9822392
2013-07-18T10-54-08.762  -16.285534,-10.844049,-5.0972004
2013-07-18T10-54-08.763  -15.78737,-10.192604,-5.8636065
2013-07-18T10-54-08.788  -14.829362,-9.924362,-6.2468095
2013-07-18T10-54-08.789  -13.449831,-9.464519,-6.515052
2013-07-18T10-54-08.790  -11.2655735,-9.157956,-6.2084894
2013-07-18T10-54-08.792  -9.272917,-8.813073,-4.9822392
2013-07-18T10-54-08.816  -6.820417,-8.008347,-2.7979815
2013-07-18T10-54-08.818  -4.252956,-6.245612,-0.03891907
2013-07-18T10-54-08.819  -1.5322137,-4.2912765,1.9537371
2013-07-18T10-54-08.823  1.3034893,-1.8770965,3.3715887
2013-07-18T10-54-08.831  3.8709502,0.57540345,3.6398308
2013-07-18T10-54-08.846  6.5533724,2.9129424,3.3332684
2013-07-18T10-54-08.847  10.423724,4.9822392,3.754792
2013-07-18T10-54-08.865  15.558645,7.396419,4.5595183
2013-07-18T10-54-08.866  19.505638,9.235794,6.3222528
2013-07-18T10-54-08.881  19.543959,11.688294,8.6981125
2013-07-18T10-54-08.883  19.543959,15.060482,11.533815
2013-07-18T10-54-08.899  19.543959,18.356028,13.33487
2013-07-18T10-54-08.900  19.543959,19.543959,14.5227995
2013-07-18T10-54-08.916  19.543959,19.543959,15.480807
2013-07-18T10-54-08.918  19.543959,19.543959,16.208893
2013-07-18T10-54-08.930  19.543959,19.543959,17.01362
2013-07-18T10-54-08.932  19.543959,19.543959,17.818346
2013-07-18T10-54-08.950  19.543959,19.543959,17.856667
2013-07-18T10-54-08.952  19.543959,19.543959,17.741707
2013-07-18T10-54-08.964  19.543959,19.199076,17.281862
2013-07-18T10-54-08.965  19.543959,18.241068,16.323854
2013-07-18T10-54-08.968  19.543959,16.593294,15.020964
2013-07-18T10-54-08.987  19.543959,15.137122,14.407839
2013-07-18T10-54-08.988  18.087786,13.872552,13.756393
2013-07-18T10-54-08.992  15.175443,12.148138,13.028308
2013-07-18T10-54-09.000  12.41638,10.691966,12.14694
2013-07-18T10-54-09.020  9.887239,9.580677,11.648776
2013-07-18T10-54-09.021  7.166497,8.852591,11.380534
2013-07-18T10-54-09.024  4.9055986,7.3197784,10.920691
2013-07-18T10-54-09.032  3.2961457,5.748646,10.920691
2013-07-18T10-54-09.048  1.2268487,4.1391926,11.725417
2013-07-18T10-54-09.050  -1.5322137,2.491419,12.760065
2013-07-18T10-54-09.068  -3.9463935,0.767005,13.37319
2013-07-18T10-54-09.070  -6.0540104,-0.459245,13.526471
2013-07-18T10-54-09.083  -7.356901,-2.0303779,12.300221
2013-07-18T10-54-09.084  -8.3532295,-3.3715887,11.035651
2013-07-18T10-54-09.105  -8.774753,-4.6744795,9.196277
2013-07-18T10-54-09.107  -8.889713,-6.092331,7.970026
2013-07-18T10-54-09.108  -9.541159,-7.740104,7.2419405
2013-07-18T10-54-09.113  -10.460847,-9.387877,7.970026
2013-07-18T10-54-09.121  -11.917019,-10.920691,9.426198
2013-07-18T10-54-09.141  -14.062956,-11.687097,10.920691
2013-07-18T10-54-09.142  -16.477135,-11.648776,12.0703
2013-07-18T10-54-09.145  -17.741707,-11.9553385,12.875027
2013-07-18T10-54-09.152  -18.163229,-11.878698,12.760065
2013-07-18T10-54-09.172  -17.626745,-12.376863,12.261901
2013-07-18T10-54-09.173  -16.323854,-12.951667,11.188932
2013-07-18T10-54-09.177  -14.791042,-13.258229,9.464519
2013-07-18T10-54-09.185  -12.989987,-13.29655,7.4718623
2013-07-18T10-54-09.198  -11.150612,-13.488152,5.6708074
2013-07-18T10-54-09.201  -8.813073,-13.641433,4.0996747
2013-07-18T10-54-09.221  -5.900729,-13.488152,1.2639716
2013-07-18T10-54-09.222  -2.566862,-13.679752,-1.9549347
2013-07-18T10-54-09.236  1.5334113,-13.909675,-5.748646
2013-07-18T10-54-09.237  4.7139974,-12.760065,-9.197474
2013-07-18T10-54-09.253  6.9365754,-11.035651,-12.952865
2013-07-18T10-54-09.254  8.699309,-9.234596,-16.554974
2013-07-18T10-54-09.273  9.92556,-6.820417,-19.160755
2013-07-18T10-54-09.274  10.9985285,-3.754792,-19.543959
2013-07-18T10-54-09.275  13.451029,-1.4172528,-19.543959
2013-07-18T10-54-09.287  17.819544,-0.53588563,-19.543959
2013-07-18T10-54-09.290  19.543959,0.38380188,-19.543959
2013-07-18T10-54-09.304  19.543959,1.6483722,-19.543959
2013-07-18T10-54-09.306  19.543959,2.60638,-19.543959
2013-07-18T10-54-09.320  19.543959,3.7559893,-19.543959
2013-07-18T10-54-09.321  19.543959,4.0242314,-19.543959
2013-07-18T10-54-09.336  19.543959,4.0242314,-19.543959
2013-07-18T10-54-09.338  19.543959,3.334466,-19.543959
2013-07-18T10-54-09.354  19.543959,2.2998176,-19.543959
2013-07-18T10-54-09.355  19.543959,1.38013,-19.084114
2013-07-18T10-54-09.376  19.007473,-0.03772156,-14.83056
2013-07-18T10-54-09.378  16.823215,-1.3789325,-9.657317
2013-07-18T10-54-09.379  14.025833,-2.3752606,-4.9055986
2013-07-18T10-54-09.386  10.193802,-2.9883857,-0.53708315
2013-07-18T10-54-09.403  6.9748955,-3.4482293,4.1763153
2013-07-18T10-54-09.404  5.02056,-4.252956,8.851394
2013-07-18T10-54-09.425  3.334466,-6.5521746,13.258229
2013-07-18T10-54-09.427  -0.68916684,-8.008347,17.818346
2013-07-18T10-54-09.428  -6.437214,-8.3532295,19.581081
2013-07-18T10-54-09.443  -12.606784,-8.42987,19.581081
2013-07-18T10-54-09.446  -18.43147,-8.084988,19.581081
2013-07-18T10-54-09.465  -19.581081,-7.20362,19.581081
2013-07-18T10-54-09.467  -19.581081,-5.900729,19.581081
2013-07-18T10-54-09.468  -19.581081,-5.325925,19.581081
2013-07-18T10-54-09.475  -19.581081,-5.2109637,19.581081
2013-07-18T10-54-09.494  -19.581081,-5.479206,19.581081
2013-07-18T10-54-09.496  -19.581081,-5.7857685,19.581081
2013-07-18T10-54-09.510  -19.581081,-5.4025655,19.581081
2013-07-18T10-54-09.513  -17.243542,-5.1726437,19.121237
2013-07-18T10-54-09.535  -13.756393,-5.134323,18.469791
2013-07-18T10-54-09.537  -10.4991665,-5.517526,18.508112
2013-07-18T10-54-09.539  -7.8550653,-5.325925,17.894987
2013-07-18T10-54-09.540  -5.9390497,-4.7127995,16.400496
2013-07-18T10-54-09.563  -2.8351045,-5.0960026,14.254558
2013-07-18T10-54-09.564  1.3034893,-5.0576825,11.572136
2013-07-18T10-54-09.576  6.3617706,-4.367917,9.234596
2013-07-18T10-54-09.577  12.378059,-4.023034,6.858737
2013-07-18T10-54-09.580  18.317709,-4.7127995,3.2566278
2013-07-18T10-54-09.596  19.543959,-4.78944,-2.108216
2013-07-18T10-54-09.598  19.543959,-4.0996747,-8.392747
2013-07-18T10-54-09.613  19.543959,-2.4902215,-13.374388
2013-07-18T10-54-09.614  19.543959,-0.9574091,-14.792239
2013-07-18T10-54-09.628  19.543959,1.5334113,-12.531341
2013-07-18T10-54-09.629  19.543959,3.3727863,-11.036849
2013-07-18T10-54-09.643  19.543959,4.2541533,-11.918216
2013-07-18T10-54-09.645  19.543959,5.0972004,-14.370716
2013-07-18T10-54-09.661  19.543959,5.557044,-16.478333
2013-07-18T10-54-09.662  19.543959,6.3617706,-18.50931
2013-07-18T10-54-09.678  19.543959,6.5533724,-19.505638
2013-07-18T10-54-09.679  19.543959,6.2468095,-19.543959
2013-07-18T10-54-09.693  19.543959,5.2888017,-19.543959
2013-07-18T10-54-09.694  19.543959,2.9512627,-18.854193
2013-07-18T10-54-09.711  19.543959,1.38013,-15.711926
2013-07-18T10-54-09.712  19.543959,-0.4975653,-10.960208
2013-07-18T10-54-09.729  19.543959,-1.7621356,-6.438411
2013-07-18T10-54-09.732  19.543959,-3.3715887,-3.0279036
2013-07-18T10-54-09.745  19.543959,-5.709128,0.459245
2013-07-18T10-54-09.747  19.543959,-9.004675,4.1763153
2013-07-18T10-54-09.749  17.32138,-11.9553385,8.774753
2013-07-18T10-54-09.767  11.688294,-14.446159,16.400496
2013-07-18T10-54-09.768  4.9822392,-15.557448,19.581081
2013-07-18T10-54-09.771  -1.3789325,-14.829362,19.581081
2013-07-18T10-54-09.779  -5.900729,-14.714401,19.581081
2013-07-18T10-54-09.793  -8.583151,-15.174245,19.581081
2013-07-18T10-54-09.795  -11.495495,-15.595768,19.044596
2013-07-18T10-54-09.813  -13.947995,-14.867682,19.006277
2013-07-18T10-54-09.814  -15.250886,-13.603112,19.581081
2013-07-18T10-54-09.831  -15.327526,-12.223581,19.581081
2013-07-18T10-54-09.832  -14.177917,-11.035651,19.581081
2013-07-18T10-54-09.852  -12.453503,-9.6178,19.581081
2013-07-18T10-54-09.854  -10.115964,-7.8550653,19.581081
2013-07-18T10-54-09.855  -9.042995,-6.475534,19.581081
2013-07-18T10-54-09.860  -8.621471,-4.636159,17.818346
2013-07-18T10-54-09.882  -8.966354,-2.7201433,14.177917
2013-07-18T10-54-09.885  -8.966354,-0.8807684,12.03198
2013-07-18T10-54-09.886  -7.970026,0.61372375,10.345885
2013-07-18T10-54-09.902  -6.7437763,1.5717316,8.928034
2013-07-18T10-54-09.903  -5.8240886,2.4147785,8.276588
2013-07-18T10-54-09.924  -4.9427214,3.1811848,7.356901
2013-07-18T10-54-09.925  -4.0996747,3.6410284,6.858737
2013-07-18T10-54-09.944  -3.294948,4.100872,6.5521746
2013-07-18T10-54-09.945  -2.4902215,4.1775126,6.3222528
2013-07-18T10-54-09.946  -1.9537371,4.3691144,6.3988934
2013-07-18T10-54-09.948  -1.8004559,4.215833,6.6671357
2013-07-18T10-54-09.965  -1.9537371,4.6373568,7.356901
2013-07-18T10-54-09.966  -2.1070185,4.292474,8.123307
2013-07-18T10-54-09.982  -2.3752606,3.9092705,8.966354
2013-07-18T10-54-09.984  -2.6051824,3.449427,9.502839
2013-07-18T10-54-10.001  -2.911745,3.3727863,9.771081
2013-07-18T10-54-10.004  -3.026706,2.874622,9.886042
2013-07-18T10-54-10.021  -3.0650263,2.4147785,9.464519
2013-07-18T10-54-10.022  -3.141667,2.0698957,9.234596
2013-07-18T10-54-10.024  -3.0650263,1.8399738,8.813073
2013-07-18T10-54-10.028  -2.8351045,1.6100519,8.736432
2013-07-18T10-54-10.051  -2.0686982,1.6483722,9.042995
2013-07-18T10-54-10.052  -0.7274872,1.8782941,9.65612
2013-07-18T10-54-10.055  0.88196594,2.3381379,10.269245
2013-07-18T10-54-10.069  2.5297394,2.60638,10.192604
2013-07-18T10-54-10.071  3.717669,2.8363018,9.6178
2013-07-18T10-54-10.085  4.215833,3.0662239,9.119636
2013-07-18T10-54-10.089  4.560716,3.449427,7.7784247
2013-07-18T10-54-10.103  4.292474,3.1428645,6.7437763
2013-07-18T10-54-10.106  3.8709502,2.9512627,5.9390497
2013-07-18T10-54-10.120  3.1811848,2.989583,5.709128
2013-07-18T10-54-10.121  2.0315752,3.2961457,6.6671357
2013-07-18T10-54-10.140  1.8399738,3.717669,8.008347
2013-07-18T10-54-10.142  1.9549347,4.292474,9.349558
2013-07-18T10-54-10.144  2.4530988,4.1775126,10.575808
2013-07-18T10-54-10.149  3.8709502,3.9092705,11.303893
2013-07-18T10-54-10.173  5.6336846,3.5643878,10.997331
2013-07-18T10-54-10.175  7.5497003,3.3727863,10.997331
2013-07-18T10-54-10.195  8.469388,3.5260675,10.920691
2013-07-18T10-54-10.196  8.699309,3.8709502,10.652448
2013-07-18T10-54-10.211  8.584349,4.1391926,10.345885
2013-07-18T10-54-10.212  8.009544,3.9092705,10.307566
2013-07-18T10-54-10.213  6.7066536,3.449427,10.269245
2013-07-18T10-54-10.227  5.2504816,3.1428645,10.269245
2013-07-18T10-54-10.228  4.5223956,3.4111066,9.73276
