2013-07-18T14-12-38.727  17.551302,-15.940651,9.196277
2013-07-18T14-12-38.730  -6.1689715,-4.023034,-6.170169
2013-07-18T14-12-38.732  -5.862409,-4.214636,-5.748646
2013-07-18T14-12-38.741  -4.9427214,-4.2912765,-5.403763
2013-07-18T14-12-38.760  -4.1763153,-4.5211983,-5.2888017
2013-07-18T14-12-38.761  -3.8314326,-4.3295965,-5.4420834
2013-07-18T14-12-38.764  -3.869753,-4.214636,-5.940247
2013-07-18T14-12-38.772  -4.1763153,-4.061354,-5.327122
2013-07-18T14-12-38.789  -4.4828777,-3.869753,-6.668333
2013-07-18T14-12-38.793  -4.9044013,-3.4482293,-4.9055986
2013-07-18T14-12-38.810  -5.134323,-2.7967842,-5.0972004
2013-07-18T14-12-38.812  -5.4025655,-2.6435027,-6.28513
2013-07-18T14-12-38.813  -4.597839,-2.1070185,-4.7139974
2013-07-18T14-12-38.820  -3.7931123,-1.4172528,-5.4420834
2013-07-18T14-12-38.840  -3.141667,-0.8041278,-5.5953646
2013-07-18T14-12-38.844  -1.685495,-0.22932312,-5.02056
2013-07-18T14-12-38.857  -0.57420594,0.26884094,-5.518724
2013-07-18T14-12-38.860  5.987549E-4,0.92028624,-4.790638
2013-07-18T14-12-38.872  1.3034893,1.9549347,-3.9092705
2013-07-18T14-12-38.873  2.1465364,3.0279036,-3.602708
2013-07-18T14-12-38.894  2.2998176,4.675677,-1.8399738
2013-07-18T14-12-38.895  2.5680597,6.5916924,-0.38380188
2013-07-18T14-12-38.896  2.5680597,8.814271,1.07237
2013-07-18T14-12-38.908  3.219505,10.6536455,3.2183075
2013-07-18T14-12-38.911  4.292474,12.186459,4.8660808
2013-07-18T14-12-38.931  5.173841,13.60431,5.7857685
2013-07-18T14-12-38.933  6.5533724,14.523997,6.7820964
2013-07-18T14-12-38.934  7.894583,15.137122,7.701784
2013-07-18T14-12-38.940  9.235794,16.248411,8.813073
2013-07-18T14-12-38.958  10.577005,17.24474,9.847721
2013-07-18T14-12-38.960  11.075169,18.432669,10.077643
2013-07-18T14-12-38.973  11.15181,19.428997,10.537487
2013-07-18T14-12-38.974  11.458372,19.543959,11.380534
2013-07-18T14-12-38.992  11.841576,19.543959,11.725417
2013-07-18T14-12-38.993  12.33974,19.543959,12.836706
2013-07-18T14-12-39.014  12.761263,19.543959,14.139597
2013-07-18T14-12-39.015  12.914544,19.543959,15.9789715
2013-07-18T14-12-39.031  13.719271,19.543959,16.707058
2013-07-18T14-12-39.032  13.910872,19.543959,17.205221
2013-07-18T14-12-39.034  13.259427,19.543959,17.281862
2013-07-18T14-12-39.037  13.029505,19.543959,17.396824
2013-07-18T14-12-39.045  12.607982,19.543959,17.550104
2013-07-18T14-12-39.060  12.837903,19.543959,17.741707
2013-07-18T14-12-39.061  12.799583,19.543959,17.358503
2013-07-18T14-12-39.080  12.493021,19.543959,16.208893
2013-07-18T14-12-39.082  12.224778,19.543959,15.480807
2013-07-18T14-12-39.101  11.803255,19.543959,14.676081
2013-07-18T14-12-39.103  11.19013,19.543959,14.331198
2013-07-18T14-12-39.104  10.347083,19.045794,14.101276
2013-07-18T14-12-39.109  9.465716,17.896185,13.564792
2013-07-18T14-12-39.133  8.239466,16.746574,13.0666275
2013-07-18T14-12-39.135  6.630013,15.443685,12.338542
2013-07-18T14-12-39.136  6.28513,14.485677,11.878698
2013-07-18T14-12-39.142  5.6336846,13.144466,11.227253
2013-07-18T14-12-39.167  5.212161,12.224778,10.690768
2013-07-18T14-12-39.168  4.675677,10.883568,9.886042
2013-07-18T14-12-39.170  3.6410284,9.810598,9.119636
2013-07-18T14-12-39.174  2.8363018,8.967552,8.008347
2013-07-18T14-12-39.202  1.8782941,7.741302,6.6671357
2013-07-18T14-12-39.204  1.265169,6.5916924,5.97737
2013-07-18T14-12-39.209  0.65204406,5.748646,5.364245
2013-07-18T14-12-39.210  0.11555969,5.173841,4.8660808
2013-07-18T14-12-39.214  -0.459245,4.1775126,4.1763153
2013-07-18T14-12-39.235  -0.7274872,3.334466,3.8314326
2013-07-18T14-12-39.237  -0.4209247,2.0315752,4.2912765
2013-07-18T14-12-39.238  5.987549E-4,1.8016534,4.3295965
2013-07-18T14-12-39.245  -0.07604187,0.84364563,3.5631902
2013-07-18T14-12-39.268  -0.459245,0.30716124,2.7584639
2013-07-18T14-12-39.270  -0.9190887,5.987549E-4,1.685495
2013-07-18T14-12-39.271  -1.5705341,-0.34428406,1.3406122
2013-07-18T14-12-39.278  -2.0303779,-0.57420594,0.9190887
2013-07-18T14-12-39.293  -2.4519012,-1.1490107,0.7658075
2013-07-18T14-12-39.294  -3.3332684,-1.1106904,0.34428406
2013-07-18T14-12-39.319  -4.406237,-0.9574091,-0.19220032
2013-07-18T14-12-39.321  -4.9427214,-1.07237,-0.30716124
2013-07-18T14-12-39.322  -5.2109637,-1.3406122,-0.9969269
2013-07-18T14-12-39.327  -5.134323,-1.4172528,-1.5717316
2013-07-18T14-12-39.347  -4.75112,-1.685495,-1.9166144
2013-07-18T14-12-39.349  -4.252956,-1.685495,-2.6830206
2013-07-18T14-12-39.352  -3.869753,-2.0686982,-3.2961457
2013-07-18T14-12-39.365  -3.754792,-1.8770965,-4.5223956
2013-07-18T14-12-39.367  -3.869753,-1.8770965,-5.6336846
2013-07-18T14-12-39.382  -4.214636,-1.8770965,-6.476732
2013-07-18T14-12-39.384  -4.5595183,-1.7621356,-6.783294
2013-07-18T14-12-39.399  -4.636159,-1.6088544,-6.859935
2013-07-18T14-12-39.401  -4.4828777,-1.7621356,-7.013216
2013-07-18T14-12-39.416  -4.4445577,-1.5705341,-6.9365754
2013-07-18T14-12-39.417  -4.252956,-1.5705341,-6.783294
2013-07-18T14-12-39.438  -3.8314326,-1.8387762,-6.8216143
2013-07-18T14-12-39.440  -3.3332684,-2.0303779,-6.5916924
2013-07-18T14-12-39.441  -3.1033466,-1.685495,-6.515052
2013-07-18T14-12-39.447  -2.7201433,-1.8770965,-6.170169
2013-07-18T14-12-39.467  -2.566862,-1.9920574,-6.055208
2013-07-18T14-12-39.468  -2.911745,-2.0303779,-5.748646
2013-07-18T14-12-39.484  -3.3332684,-1.8004559,-5.557044
2013-07-18T14-12-39.488  -3.52487,-1.9537371,-5.327122
2013-07-18T14-12-39.502  -3.9080732,-2.29862,-4.943919
2013-07-18T14-12-39.506  -4.023034,-2.2219794,-4.560716
2013-07-18T14-12-39.507  -4.023034,-2.4902215,-4.215833
2013-07-18T14-12-39.526  -3.754792,-2.681823,-3.83263
2013-07-18T14-12-39.528  -3.6781511,-2.4902215,-3.5643878
2013-07-18T14-12-39.529  -3.7164717,-2.413581,-3.334466
2013-07-18T14-12-39.535  -3.6398308,-2.183659,-2.989583
2013-07-18T14-12-39.561  -3.5631902,-1.8004559,-2.721341
2013-07-18T14-12-39.562  -3.8314326,-1.685495,-2.989583
2013-07-18T14-12-39.563  -3.4482293,-1.6471747,-3.5643878
2013-07-18T14-12-39.567  -2.566862,-1.3406122,-3.9475908
2013-07-18T14-12-39.586  -1.5705341,-1.07237,-3.83263
2013-07-18T14-12-39.587  5.987549E-4,-0.68916684,-3.0662239
2013-07-18T14-12-39.603  1.6100519,0.69036436,-1.38013
2013-07-18T14-12-39.605  2.1848567,2.4147785,0.22932312
2013-07-18T14-12-39.626  2.5297394,4.1391926,1.3789325
2013-07-18T14-12-39.627  2.7596612,5.518724,2.566862
2013-07-18T14-12-39.628  2.7979815,7.1281767,4.023034
2013-07-18T14-12-39.631  3.2961457,8.124505,5.325925
2013-07-18T14-12-39.659  3.6793487,9.235794,6.3222528
2013-07-18T14-12-39.660  4.1391926,10.462044,7.2802606
2013-07-18T14-12-39.661  4.100872,11.611653,8.008347
2013-07-18T14-12-39.663  4.330794,12.684622,8.928034
2013-07-18T14-12-39.671  4.4074345,13.60431,9.73276
2013-07-18T14-12-39.691  5.4420834,14.409037,11.457174
2013-07-18T14-12-39.692  7.281458,14.523997,14.254558
2013-07-18T14-12-39.711  8.699309,14.523997,17.12858
2013-07-18T14-12-39.712  8.392747,14.792239,19.31284
2013-07-18T14-12-39.713  6.438411,15.252083,19.581081
2013-07-18T14-12-39.719  4.4840755,14.983841,19.581081
2013-07-18T14-12-39.744  2.223177,14.792239,19.581081
2013-07-18T14-12-39.745  0.42212218,14.792239,19.581081
2013-07-18T14-12-39.746  -0.7274872,14.523997,19.581081
2013-07-18T14-12-39.752  -2.29862,14.485677,19.581081
2013-07-18T14-12-39.770  -2.6051824,14.753919,19.581081
2013-07-18T14-12-39.772  -2.29862,14.332396,19.581081
2013-07-18T14-12-39.787  -2.2602997,14.025833,19.581081
2013-07-18T14-12-39.789  -1.6471747,13.221107,19.581081
2013-07-18T14-12-39.804  -1.6088544,12.876224,19.197878
2013-07-18T14-12-39.806  -1.5705341,12.531341,17.741707
2013-07-18T14-12-39.808  -1.5322137,11.726614,16.247213
2013-07-18T14-12-39.834  -1.3406122,11.381732,15.365847
2013-07-18T14-12-39.836  -0.9957294,10.6536455,14.177917
2013-07-18T14-12-39.837  -0.8424481,9.92556,12.913346
2013-07-18T14-12-39.840  -0.65084654,9.427396,11.993659
2013-07-18T14-12-39.854  -0.8041278,8.890911,10.805729
2013-07-18T14-12-39.856  -0.8041278,8.507709,9.65612
2013-07-18T14-12-39.877  -0.7658075,7.9329033,8.736432
2013-07-18T14-12-39.879  -0.7658075,7.358099,7.816745
2013-07-18T14-12-39.894  -1.0340496,6.9748955,7.586823
2013-07-18T14-12-39.896  -1.187331,6.8216143,7.433542
2013-07-18T14-12-39.896  -1.7621356,6.28513,7.2802606
2013-07-18T14-12-39.904  -1.7621356,6.2084894,6.8970575
2013-07-18T14-12-39.924  -1.9154168,5.786966,7.012018
2013-07-18T14-12-39.925  -1.9537371,5.5953646,7.1653
2013-07-18T14-12-39.944  -2.1070185,5.327122,7.20362
2013-07-18T14-12-39.946  -2.183659,4.9055986,7.0886593
2013-07-18T14-12-39.947  -2.6051824,4.7523174,7.586823
