2013-07-15T11-45-08.801  17.819544,-4.4445577,14.599441
2013-07-15T11-45-08.802  6.630013,-13.37319,1.5705341
2013-07-15T11-45-08.804  7.051536,-13.718073,0.68916684
2013-07-15T11-45-08.825  7.51138,-13.947995,0.4975653
2013-07-15T11-45-08.827  6.8216143,-14.484479,1.1106904
2013-07-15T11-45-08.829  7.358099,-14.216237,1.8004559
2013-07-15T11-45-08.836  7.51138,-13.679752,1.3789325
2013-07-15T11-45-08.852  8.699309,-13.181589,1.3406122
2013-07-15T11-45-08.854  10.308763,-13.143269,0.4209247
2013-07-15T11-45-08.873  11.879895,-11.572136,-2.3381379
2013-07-15T11-45-08.875  13.527669,-11.6104555,-1.8016534
2013-07-15T11-45-08.876  14.715599,-10.729089,-3.219505
2013-07-15T11-45-08.884  15.673607,-10.077643,-4.1391926
2013-07-15T11-45-08.908  16.325052,-9.234596,-2.4147785
2013-07-15T11-45-08.910  17.28306,-8.46819,-3.0279036
2013-07-15T11-45-08.911  18.279388,-7.6634636,-2.5680597
2013-07-15T11-45-08.916  19.160755,-6.5138545,-1.1885284
2013-07-15T11-45-08.935  19.505638,-5.4408855,-2.5297394
2013-07-15T11-45-08.937  19.543959,-4.3295965,-1.9166144
2013-07-15T11-45-08.940  19.467318,-4.061354,-1.2268487
2013-07-15T11-45-08.959  19.352356,-3.2183075,-0.95860654
2013-07-15T11-45-08.961  19.160755,-2.9883857,0.459245
2013-07-15T11-45-08.964  19.275717,-2.4519012,1.5705341
2013-07-15T11-45-08.972  19.467318,-1.8004559,2.29862
2013-07-15T11-45-08.988  19.505638,-0.8424481,3.869753
2013-07-15T11-45-08.989  19.237396,0.26884094,4.4445577
2013-07-15T11-45-09.005  18.930834,-0.4975653,5.325925
2013-07-15T11-45-09.007  17.704582,-0.38260436,7.20362
2013-07-15T11-45-09.025  16.363373,0.07723938,8.851394
2013-07-15T11-45-09.028  14.792239,-0.03772156,11.035651
2013-07-15T11-45-09.047  13.374388,-0.38260436,13.564792
2013-07-15T11-45-09.049  11.994857,-0.53588563,15.404167
2013-07-15T11-45-09.050  10.615325,-0.9957294,16.9753
2013-07-15T11-45-09.053  9.082513,-1.3406122,17.703386
2013-07-15T11-45-09.073  6.9748955,-1.9154168,17.780025
2013-07-15T11-45-09.074  5.0972004,-2.3369403,17.320183
2013-07-15T11-45-09.094  2.721341,-3.3332684,16.515455
2013-07-15T11-45-09.095  -0.07604187,-3.5631902,16.170572
2013-07-15T11-45-09.096  -2.8351045,-3.9080732,15.672409
2013-07-15T11-45-09.101  -5.97737,-4.406237,15.442487
2013-07-15T11-45-09.108  -9.119636,-4.5211983,14.676081
2013-07-15T11-45-09.124  -12.03198,-4.636159,13.449831
2013-07-15T11-45-09.125  -14.177917,-4.4445577,12.185261
2013-07-15T11-45-09.142  -15.940651,-4.367917,10.959011
2013-07-15T11-45-09.144  -18.009949,-4.4445577,10.1542845
2013-07-15T11-45-09.157  -18.929636,-4.0996747,9.426198
2013-07-15T11-45-09.158  -19.581081,-4.023034,8.3532295
2013-07-15T11-45-09.178  -19.581081,-3.3332684,8.583151
2013-07-15T11-45-09.180  -19.581081,-2.7201433,8.583151
2013-07-15T11-45-09.195  -19.581081,-2.566862,8.314909
2013-07-15T11-45-09.197  -19.581081,-1.685495,7.548503
2013-07-15T11-45-09.208  -19.581081,-0.8041278,6.092331
2013-07-15T11-45-09.209  -19.581081,-0.8041278,4.636159
2013-07-15T11-45-09.223  -19.581081,-1.1490107,3.52487
2013-07-15T11-45-09.224  -19.581081,-1.7238153,2.566862
2013-07-15T11-45-09.229  -19.581081,-2.6435027,2.3369403
2013-07-15T11-45-09.243  -19.581081,-3.52487,2.3369403
2013-07-15T11-45-09.245  -19.274519,-4.406237,2.9883857
2013-07-15T11-45-09.258  -17.894987,-5.2876043,3.2566278
2013-07-15T11-45-09.261  -16.592096,-5.97737,3.7164717
2013-07-15T11-45-09.278  -15.059284,-7.1653,3.6015105
2013-07-15T11-45-09.279  -13.909675,-7.816745,3.7931123
2013-07-15T11-45-09.292  -12.836706,-8.084988,4.1763153
2013-07-15T11-45-09.294  -11.495495,-8.774753,4.5211983
2013-07-15T11-45-09.309  -9.924362,-9.119636,5.325925
2013-07-15T11-45-09.310  -8.774753,-8.42987,6.1306515
2013-07-15T11-45-09.328  -7.0503387,-8.199948,6.7820964
2013-07-15T11-45-09.329  -5.6708074,-8.659792,7.3952217
2013-07-15T11-45-09.343  -4.3295965,-8.966354,7.970026
2013-07-15T11-45-09.344  -2.9500654,-10.230925,8.276588
2013-07-15T11-45-09.364  -1.7621356,-11.035651,8.621471
2013-07-15T11-45-09.366  -0.8041278,-11.572136,9.081315
2013-07-15T11-45-09.378  0.57540345,-11.227253,9.69444
2013-07-15T11-45-09.384  2.60638,-10.460847,11.495495
2013-07-15T11-45-09.400  4.7523174,-9.924362,13.526471
2013-07-15T11-45-09.401  7.1281767,-9.004675,14.714401
2013-07-15T11-45-09.402  9.159153,-8.46819,14.867682
2013-07-15T11-45-09.406  10.6536455,-8.6981125,13.756393
2013-07-15T11-45-09.413  12.071497,-9.234596,12.798386
2013-07-15T11-45-09.428  13.336067,-9.771081,12.951667
2013-07-15T11-45-09.430  14.83056,-9.924362,14.676081
2013-07-15T11-45-09.450  17.24474,-10.077643,17.550104
2013-07-15T11-45-09.452  19.428997,-9.6178,19.581081
2013-07-15T11-45-09.464  19.543959,-8.659792,19.581081
2013-07-15T11-45-09.465  19.543959,-7.6634636,19.581081
2013-07-15T11-45-09.481  19.543959,-7.1653,19.581081
2013-07-15T11-45-09.484  19.543959,-6.705456,19.581081
2013-07-15T11-45-09.497  19.543959,-7.20362,18.738033
2013-07-15T11-45-09.499  19.543959,-8.314909,17.780025
2013-07-15T11-45-09.515  19.543959,-9.042995,18.891315
2013-07-15T11-45-09.519  19.543959,-8.813073,19.581081
2013-07-15T11-45-09.531  19.543959,-8.39155,19.581081
2013-07-15T11-45-09.532  19.543959,-7.548503,19.581081
2013-07-15T11-45-09.550  19.543959,-6.5138545,19.581081
2013-07-15T11-45-09.553  19.543959,-6.0156903,19.581081
2013-07-15T11-45-09.554  19.543959,-6.0540104,18.43147
2013-07-15T11-45-09.583  19.543959,-5.862409,15.78737
2013-07-15T11-45-09.584  19.543959,-5.6708074,15.9789715
2013-07-15T11-45-09.587  19.543959,-5.4025655,17.281862
2013-07-15T11-45-09.588  19.543959,-5.4025655,18.929636
2013-07-15T11-45-09.605  19.543959,-5.2492843,19.274519
2013-07-15T11-45-09.606  19.543959,-5.517526,18.469791
2013-07-15T11-45-09.607  19.543959,-6.1306515,17.205221
2013-07-15T11-45-09.615  19.543959,-6.9353776,16.247213
2013-07-15T11-45-09.631  19.543959,-7.0503387,15.672409
2013-07-15T11-45-09.632  19.543959,-7.7784247,16.592096
2013-07-15T11-45-09.651  19.543959,-8.544831,17.588425
2013-07-15T11-45-09.652  19.543959,-8.928034,18.929636
2013-07-15T11-45-09.668  19.543959,-8.6981125,19.581081
2013-07-15T11-45-09.671  19.543959,-8.774753,19.581081
2013-07-15T11-45-09.685  19.543959,-9.157956,19.581081
2013-07-15T11-45-09.689  19.237396,-9.004675,19.581081
2013-07-15T11-45-09.700  19.275717,-9.6178,19.581081
2013-07-15T11-45-09.702  19.045794,-10.614128,19.581081
2013-07-15T11-45-09.705  18.394348,-11.9553385,19.581081
2013-07-15T11-45-09.717  16.823215,-13.181589,19.581081
2013-07-15T11-45-09.719  14.332396,-15.327526,19.581081
2013-07-15T11-45-09.736  11.075169,-16.630417,19.581081
2013-07-15T11-45-09.739  8.239466,-17.090261,19.581081
2013-07-15T11-45-09.757  5.748646,-17.818346,19.581081
2013-07-15T11-45-09.758  4.6373568,-19.044596,19.581081
2013-07-15T11-45-09.759  3.9092705,-19.581081,19.581081
2013-07-15T11-45-09.767  2.874622,-19.581081,19.581081
2013-07-15T11-45-09.784  1.0352472,-19.581081,19.581081
2013-07-15T11-45-09.785  -1.4172528,-19.581081,19.581081
2013-07-15T11-45-09.802  -4.252956,-19.581081,19.581081
2013-07-15T11-45-09.803  -7.586823,-19.581081,17.665066
2013-07-15T11-45-09.818  -9.771081,-19.581081,13.8330345
2013-07-15T11-45-09.819  -11.380534,-19.581081,10.192604
2013-07-15T11-45-09.838  -13.181589,-19.581081,6.5521746
2013-07-15T11-45-09.842  -14.446159,-19.581081,3.9847138
2013-07-15T11-45-09.853  -16.208893,-19.159557,2.4902215
2013-07-15T11-45-09.854  -17.1669,-17.205221,2.0303779
2013-07-15T11-45-09.858  -18.623074,-16.093933,1.4172528
2013-07-15T11-45-09.875  -19.121237,-15.365847,-0.88196594
2013-07-15T11-45-09.876  -19.54276,-14.791042,-4.062552
2013-07-15T11-45-09.888  -19.581081,-14.177917,-6.668333
2013-07-15T11-45-09.891  -19.581081,-12.875027,-7.779622
2013-07-15T11-45-09.905  -19.581081,-12.14694,-8.392747
2013-07-15T11-45-09.906  -19.581081,-11.112292,-8.316107
2013-07-15T11-45-09.922  -19.581081,-10.001003,-8.239466
2013-07-15T11-45-09.923  -19.197878,-10.039323,-8.546028
2013-07-15T11-45-09.943  -17.971628,-10.4991665,-9.044192
2013-07-15T11-45-09.944  -16.285534,-10.307566,-9.082513
2013-07-15T11-45-09.958  -14.292878,-10.537487,-9.159153
2013-07-15T11-45-09.960  -12.836706,-10.1542845,-8.431067
2013-07-15T11-45-09.975  -11.648776,-10.614128,-7.626341
2013-07-15T11-45-09.977  -10.88237,-10.614128,-6.438411
2013-07-15T11-45-09.991  -9.924362,-10.422526,-5.557044
2013-07-15T11-45-09.993  -9.8094015,-10.537487,-4.7523174
2013-07-15T11-45-10.005  -9.349558,-10.230925,-4.599036
2013-07-15T11-45-10.006  -8.6981125,-10.384206,-4.215833
2013-07-15T11-45-10.008  -8.123307,-10.805729,-3.7559893
2013-07-15T11-45-10.022  -7.3952217,-11.073972,-2.9129424
2013-07-15T11-45-10.024  -6.5521746,-11.073972,-2.1848567
2013-07-15T11-45-10.039  -5.517526,-11.533815,-1.0352472
2013-07-15T11-45-10.040  -4.3295965,-11.878698,0.30596375
2013-07-15T11-45-10.054  -3.409909,-12.03198,1.3406122
2013-07-15T11-45-10.056  -2.2602997,-12.14694,2.413581
2013-07-15T11-45-10.074  -1.4938934,-12.300221,3.4482293
2013-07-15T11-45-10.075  -0.34428406,-12.645104,5.134323
2013-07-15T11-45-10.089  1.3034893,-13.679752,7.1269794
2013-07-15T11-45-10.090  3.0662239,-13.947995,9.157956
2013-07-15T11-45-10.108  4.9822392,-14.906003,11.112292
2013-07-15T11-45-10.109  7.396419,-16.400496,12.760065
2013-07-15T11-45-10.126  9.5423565,-17.588425,14.752722
2013-07-15T11-45-10.129  12.837903,-18.929636,17.358503
2013-07-15T11-45-10.146  16.248411,-18.661394,19.50444
2013-07-15T11-45-10.148  18.815872,-18.776354,19.581081
2013-07-15T11-45-10.149  19.543959,-19.197878,19.581081
2013-07-15T11-45-10.153  19.543959,-19.581081,19.581081
2013-07-15T11-45-10.161  19.543959,-19.581081,19.581081
2013-07-15T11-45-10.173  19.543959,-19.581081,19.581081
2013-07-15T11-45-10.177  19.543959,-19.581081,19.581081
2013-07-15T11-45-10.192  19.543959,-19.581081,19.581081
2013-07-15T11-45-10.194  19.58228,-19.082916,19.581081
2013-07-15T11-45-10.207  19.543959,-17.741707,19.581081
2013-07-15T11-45-10.209  19.543959,-16.285534,19.581081
2013-07-15T11-45-10.225  19.543959,-15.557448,19.581081
2013-07-15T11-45-10.227  19.543959,-15.250886,19.581081
2013-07-15T11-45-10.241  19.543959,-14.484479,19.581081
2013-07-15T11-45-10.243  19.543959,-10.614128,19.54276
2013-07-15T11-45-10.258  19.543959,-11.802057,18.699715
2013-07-15T11-45-10.259  19.543959,-13.756393,19.044596
2013-07-15T11-45-10.279  19.543959,-11.840378,18.776354
2013-07-15T11-45-10.282  19.543959,-10.805729,16.438816
2013-07-15T11-45-10.297  19.543959,-12.376863,13.449831
2013-07-15T11-45-10.299  19.543959,-14.177917,11.380534
2013-07-15T11-45-10.300  19.543959,-14.791042,10.4991665
2013-07-15T11-45-10.315  19.543959,-15.135924,10.690768
2013-07-15T11-45-10.316  19.543959,-15.864011,11.725417
2013-07-15T11-45-10.321  19.543959,-15.940651,12.721745
2013-07-15T11-45-10.329  19.543959,-15.74905,13.679752
2013-07-15T11-45-10.347  19.543959,-15.940651,14.829362
2013-07-15T11-45-10.349  19.543959,-16.017292,15.097605
2013-07-15T11-45-10.370  19.543959,-16.132254,15.135924
2013-07-15T11-45-10.371  18.892513,-17.090261,14.791042
2013-07-15T11-45-10.373  16.899857,-17.971628,13.947995
2013-07-15T11-45-10.378  14.447356,-18.354832,13.29655
2013-07-15T11-45-10.400  12.531341,-19.121237,12.606784
2013-07-15T11-45-10.402  9.810598,-19.581081,12.223581
2013-07-15T11-45-10.403  7.4730597,-19.581081,11.342214
2013-07-15T11-45-10.410  4.4840755,-19.581081,10.614128
2013-07-15T11-45-10.432  1.7633331,-19.581081,10.1542845
2013-07-15T11-45-10.434  -0.459245,-19.581081,9.004675
2013-07-15T11-45-10.453  -2.7967842,-19.389479,7.5101824
2013-07-15T11-45-10.454  -5.517526,-19.082916,5.709128
2013-07-15T11-45-10.456  -8.314909,-18.929636,4.214636
2013-07-15T11-45-10.458  -11.188932,-18.814674,2.9883857
2013-07-15T11-45-10.466  -13.41151,-18.009949,1.9154168
2013-07-15T11-45-10.484  -15.327526,-17.511784,1.3406122
2013-07-15T11-45-10.485  -16.707058,-16.822018,1.5322137
2013-07-15T11-45-10.500  -17.588425,-15.020964,2.1070185
2013-07-15T11-45-10.501  -18.124908,-13.526471,3.2183075
2013-07-15T11-45-10.516  -18.43147,-11.802057,3.6398308
2013-07-15T11-45-10.518  -19.236198,-10.844049,3.52487
2013-07-15T11-45-10.530  -19.581081,-10.690768,1.8770965
2013-07-15T11-45-10.531  -19.581081,-10.844049,0.7658075
2013-07-15T11-45-10.548  -19.581081,-10.88237,-0.92028624
2013-07-15T11-45-10.549  -19.581081,-10.614128,-1.38013
2013-07-15T11-45-10.563  -19.581081,-9.73276,-1.0735675
2013-07-15T11-45-10.564  -19.581081,-8.889713,-0.84364563
2013-07-15T11-45-10.581  -19.581081,-8.3532295,-1.0735675
2013-07-15T11-45-10.582  -19.581081,-7.816745,-1.4184504
2013-07-15T11-45-10.599  -19.351158,-8.008347,-1.3418097
2013-07-15T11-45-10.601  -16.745378,-8.544831,-1.2268487
2013-07-15T11-45-10.614  -14.407839,-9.081315,-0.9969269
2013-07-15T11-45-10.615  -12.836706,-9.579479,-0.26884094
2013-07-15T11-45-10.619  -12.10862,-10.345885,0.9574091
2013-07-15T11-45-10.635  -11.802057,-10.537487,2.2602997
2013-07-15T11-45-10.637  -11.112292,-10.767409,3.3715887
2013-07-15T11-45-10.648  -10.001003,-11.342214,4.1763153
2013-07-15T11-45-10.651  -7.970026,-11.763737,4.7127995
2013-07-15T11-45-10.664  -6.1306515,-12.14694,5.4408855
2013-07-15T11-45-10.667  -4.2912765,-12.491823,6.207292
2013-07-15T11-45-10.681  -2.0686982,-12.530144,6.973698
2013-07-15T11-45-10.683  -0.38260436,-12.913346,8.621471
2013-07-15T11-45-10.700  0.69036436,-12.721745,10.422526
2013-07-15T11-45-10.701  1.4184504,-12.913346,12.261901
2013-07-15T11-45-10.718  3.1811848,-13.909675,13.641433
2013-07-15T11-45-10.720  5.02056,-15.442487,14.867682
2013-07-15T11-45-10.739  7.4730597,-17.473463,16.323854
2013-07-15T11-45-10.740  10.232122,-18.699715,18.009949
2013-07-15T11-45-10.741  13.451029,-19.082916,19.082916
2013-07-15T11-45-10.747  16.440012,-18.929636,19.50444
2013-07-15T11-45-10.766  18.969154,-18.776354,19.54276
2013-07-15T11-45-10.767  19.543959,-18.891315,19.581081
2013-07-15T11-45-10.771  19.543959,-19.082916,19.581081
2013-07-15T11-45-10.783  19.543959,-18.814674,19.581081
2013-07-15T11-45-10.787  19.543959,-19.121237,19.581081
2013-07-15T11-45-10.800  19.543959,-18.852995,19.581081
2013-07-15T11-45-10.803  19.543959,-18.009949,19.581081
2013-07-15T11-45-10.818  19.543959,-16.9753,19.581081
2013-07-15T11-45-10.820  19.543959,-15.327526,19.581081
2013-07-15T11-45-10.836  19.543959,-13.526471,19.581081
2013-07-15T11-45-10.838  19.543959,-12.453503,19.50444
2013-07-15T11-45-10.853  19.543959,-12.261901,18.699715
2013-07-15T11-45-10.855  19.543959,-12.10862,18.009949
2013-07-15T11-45-10.876  19.543959,-12.491823,16.898659
2013-07-15T11-45-10.878  19.543959,-12.568463,15.71073
2013-07-15T11-45-10.879  19.543959,-12.760065,13.871354
2013-07-15T11-45-10.883  19.543959,-13.488152,12.338542
2013-07-15T11-45-10.902  19.543959,-14.216237,11.188932
2013-07-15T11-45-10.903  19.543959,-15.902331,11.418855
2013-07-15T11-45-10.920  19.543959,-17.933308,11.9553385
2013-07-15T11-45-10.922  19.543959,-19.082916,13.0666275
2013-07-15T11-45-10.925  19.543959,-19.581081,14.101276
2013-07-15T11-45-10.938  19.543959,-19.581081,14.63776
2013-07-15T11-45-10.943  19.543959,-19.581081,14.5227995
2013-07-15T11-45-10.961  19.543959,-19.581081,15.020964
2013-07-15T11-45-10.962  19.543959,-19.581081,15.442487
2013-07-15T11-45-10.965  19.543959,-19.581081,16.668737
2013-07-15T11-45-10.972  19.314035,-19.581081,17.818346
2013-07-15T11-45-10.992  18.356028,-19.581081,18.584753
2013-07-15T11-45-10.994  16.938177,-19.581081,18.738033
2013-07-15T11-45-11.013  15.175443,-19.581081,18.27819
2013-07-15T11-45-11.015  12.952865,-19.581081,17.741707
2013-07-15T11-45-11.016  9.695638,-19.581081,16.400496
2013-07-15T11-45-11.021  5.7103252,-19.581081,16.285534
2013-07-15T11-45-11.045  0.34548157,-19.581081,16.707058
2013-07-15T11-45-11.046  -4.3295965,-19.581081,15.864011
2013-07-15T11-45-11.061  -6.628815,-19.581081,13.794714
2013-07-15T11-45-11.063  -7.356901,-19.581081,11.802057
2013-07-15T11-45-11.083  -7.318581,-19.46612,9.426198
2013-07-15T11-45-11.085  -6.9353776,-18.661394,7.3952217
2013-07-15T11-45-11.086  -7.4718623,-17.703386,5.4025655
2013-07-15T11-45-11.106  -9.004675,-17.281862,4.0996747
2013-07-15T11-45-11.108  -11.150612,-16.515455,3.6398308
2013-07-15T11-45-11.124  -13.104948,-15.212565,3.4482293
2013-07-15T11-45-11.125  -14.56112,-13.909675,3.6781511
2013-07-15T11-45-11.138  -15.78737,-11.725417,3.9847138
2013-07-15T11-45-11.140  -16.592096,-10.192604,4.75112
2013-07-15T11-45-11.167  -17.281862,-8.42987,5.709128
2013-07-15T11-45-11.169  -16.898659,-6.820417,6.9353776
2013-07-15T11-45-11.185  -15.902331,-6.2839327,6.3988934
2013-07-15T11-45-11.186  -13.679752,-4.981042,7.012018
2013-07-15T11-45-11.188  -10.652448,-3.5631902,7.2802606
2013-07-15T11-45-11.189  -8.314909,-2.4902215,7.356901
2013-07-15T11-45-11.191  -6.2839327,-1.3789325,7.20362
2013-07-15T11-45-11.192  -4.75112,-0.65084654,7.012018
2013-07-15T11-45-11.211  -4.0996747,5.987549E-4,6.1306515
2013-07-15T11-45-11.214  -3.6781511,0.57540345,5.4025655
2013-07-15T11-45-11.230  -4.0996747,0.84364563,4.75112
2013-07-15T11-45-11.231  -4.367917,1.1502081,4.023034
2013-07-15T11-45-11.232  -4.78944,1.6483722,3.2566278
2013-07-15T11-45-11.252  -4.8277607,1.6866925,2.4902215
2013-07-15T11-45-11.253  -4.5595183,2.1848567,1.685495
2013-07-15T11-45-11.255  -4.137995,1.8016534,1.7238153
2013-07-15T11-45-11.261  -3.3715887,2.1465364,1.6471747
2013-07-15T11-45-11.275  -2.9883857,2.4530988,2.2219794
2013-07-15T11-45-11.278  -2.3369403,3.1428645,2.6435027
2013-07-15T11-45-11.296  -1.9920574,3.219505,2.8734248
2013-07-15T11-45-11.298  -1.685495,3.2578254,3.294948
2013-07-15T11-45-11.316  -1.8004559,3.5260675,3.4865496
2013-07-15T11-45-11.318  -1.5705341,3.7559893,3.869753
2013-07-15T11-45-11.319  -1.2639716,3.5260675,4.214636
2013-07-15T11-45-11.325  -1.1490107,3.1045442,4.406237
2013-07-15T11-45-11.352  -1.187331,3.1428645,4.406237
2013-07-15T11-45-11.353  -1.187331,2.7979815,4.406237
2013-07-15T11-45-11.355  -1.3022919,2.7596612,4.023034
2013-07-15T11-45-11.358  -1.07237,2.9129424,4.137995
