2013-07-18T14-46-26.050  19.543959,3.0279036,13.564792
2013-07-18T14-46-26.068  19.543959,3.6410284,14.906003
2013-07-18T14-46-26.069  19.543959,3.602708,15.940651
2013-07-18T14-46-26.091  19.543959,3.6410284,16.553776
2013-07-18T14-46-26.092  19.543959,3.8709502,16.822018
2013-07-18T14-46-26.093  19.543959,3.717669,16.208893
2013-07-18T14-46-26.098  19.543959,3.4111066,15.250886
2013-07-18T14-46-26.124  19.543959,3.2578254,15.174245
2013-07-18T14-46-26.125  19.543959,3.1428645,13.449831
2013-07-18T14-46-26.137  19.543959,3.0279036,12.03198
2013-07-18T14-46-26.141  19.543959,2.5680597,13.37319
2013-07-18T14-46-26.142  19.543959,2.7596612,10.537487
2013-07-18T14-46-26.158  19.543959,1.9549347,9.541159
2013-07-18T14-46-26.159  19.543959,1.4184504,8.276588
2013-07-18T14-46-26.162  19.122435,1.0735675,5.1726437
2013-07-18T14-46-26.171  17.091457,-0.34428406,4.636159
2013-07-18T14-46-26.188  14.409037,-1.2256513,2.9500654
2013-07-18T14-46-26.189  11.841576,-2.413581,2.0686982
2013-07-18T14-46-26.204  9.274115,-3.52487,2.681823
2013-07-18T14-46-26.205  6.7449737,-4.5211983,2.2602997
2013-07-18T14-46-26.220  5.173841,-5.6324873,2.566862
2013-07-18T14-46-26.227  3.3727863,-6.820417,3.6781511
2013-07-18T14-46-26.246  2.0698957,-7.4718623,3.7164717
2013-07-18T14-46-26.246  0.92028624,-7.740104,4.75112
2013-07-18T14-46-26.247  -0.57420594,-7.970026,4.78944
2013-07-18T14-46-26.250  -2.2219794,-8.314909,3.3332684
2013-07-18T14-46-26.273  -4.061354,-8.621471,2.7201433
2013-07-18T14-46-26.276  -5.97737,-9.464519,1.4938934
2013-07-18T14-46-26.289  -8.046667,-10.4991665,0.53588563
2013-07-18T14-46-26.293  -10.345885,-11.342214,1.0340496
2013-07-18T14-46-26.295  -12.989987,-11.725417,2.4519012
2013-07-18T14-46-26.313  -15.097605,-12.376863,5.479206
2013-07-18T14-46-26.314  -16.592096,-12.760065,9.65612
2013-07-18T14-46-26.330  -17.550104,-12.760065,13.258229
2013-07-18T14-46-26.331  -17.971628,-12.760065,15.940651
2013-07-18T14-46-26.345  -17.780025,-12.453503,17.05194
2013-07-18T14-46-26.346  -16.285534,-11.878698,16.132254
2013-07-18T14-46-26.347  -14.676081,-11.648776,15.519128
2013-07-18T14-46-26.355  -14.829362,-11.418855,10.805729
2013-07-18T14-46-26.377  -13.41151,-10.077643,8.084988
2013-07-18T14-46-26.378  -11.495495,-9.387877,5.9390497
2013-07-18T14-46-26.379  -10.4991665,-9.234596,3.52487
2013-07-18T14-46-26.387  -9.387877,-8.314909,1.685495
2013-07-18T14-46-26.404  -8.39155,-8.008347,0.9957294
2013-07-18T14-46-26.405  -7.0886593,-7.6251435,0.53588563
2013-07-18T14-46-26.421  -5.7857685,-7.0503387,0.1910028
2013-07-18T14-46-26.422  -4.252956,-6.628815,-0.03891907
2013-07-18T14-46-26.440  -2.7584639,-5.9390497,-0.11555969
2013-07-18T14-46-26.441  -1.5705341,-5.364245,0.1910028
2013-07-18T14-46-26.444  -0.68916684,-4.367917,0.03772156
2013-07-18T14-46-26.457  -0.4209247,-3.6398308,-0.11555969
2013-07-18T14-46-26.459  -0.03772156,-3.4482293,-0.72868466
2013-07-18T14-46-26.473  0.26884094,-3.2566278,-1.3418097
2013-07-18T14-46-26.475  1.2268487,-3.1033466,-1.4567707
2013-07-18T14-46-26.491  2.6830206,-3.0650263,-1.993255
2013-07-18T14-46-26.493  4.330794,-2.7584639,-2.0315752
2013-07-18T14-46-26.507  5.748646,-2.2602997,-1.3418097
2013-07-18T14-46-26.508  7.396419,-1.7621356,-0.19220032
2013-07-18T14-46-26.530  8.507709,-1.3022919,1.7238153
2013-07-18T14-46-26.531  9.96388,-1.2256513,4.406237
2013-07-18T14-46-26.532  12.837903,-0.61252624,6.0156903
2013-07-18T14-46-26.539  17.206419,-0.57420594,7.20362
2013-07-18T14-46-26.555  19.543959,5.987549E-4,8.199948
2013-07-18T14-46-26.556  19.543959,-0.1910028,9.6178
2013-07-18T14-46-26.573  19.543959,-0.68916684,10.384206
2013-07-18T14-46-26.574  19.543959,-0.65084654,11.725417
2013-07-18T14-46-26.593  19.543959,-0.03772156,14.714401
2013-07-18T14-46-26.594  19.543959,1.1502081,18.163229
2013-07-18T14-46-26.596  19.543959,1.5717316,19.581081
2013-07-18T14-46-26.608  19.543959,2.0315752,19.581081
2013-07-18T14-46-26.612  19.543959,1.8016534,19.581081
2013-07-18T14-46-26.626  19.543959,1.6100519,19.581081
2013-07-18T14-46-26.628  19.543959,1.6100519,19.581081
2013-07-18T14-46-26.644  19.543959,1.1885284,18.661394
2013-07-18T14-46-26.645  19.543959,0.84364563,15.78737
2013-07-18T14-46-26.665  19.543959,0.42212218,13.258229
2013-07-18T14-46-26.667  19.543959,-0.4209247,10.959011
2013-07-18T14-46-26.668  19.543959,-1.0340496,9.579479
2013-07-18T14-46-26.676  19.543959,-1.9537371,8.161628
2013-07-18T14-46-26.695  19.543959,-2.29862,7.356901
2013-07-18T14-46-26.696  19.543959,-2.7967842,6.3605733
2013-07-18T14-46-26.711  19.543959,-2.7584639,5.2492843
2013-07-18T14-46-26.712  19.543959,-2.7967842,4.597839
2013-07-18T14-46-26.727  18.394348,-2.8734248,3.4865496
2013-07-18T14-46-26.729  16.248411,-3.0650263,2.566862
2013-07-18T14-46-26.747  13.757591,-2.911745,2.3369403
2013-07-18T14-46-26.750  11.458372,-3.141667,2.1070185
2013-07-18T14-46-26.752  9.580677,-2.9883857,1.9920574
2013-07-18T14-46-26.767  7.588021,-2.9500654,2.183659
2013-07-18T14-46-26.769  6.2084894,-3.0650263,2.2602997
2013-07-18T14-46-26.773  4.5223956,-3.141667,1.7621356
2013-07-18T14-46-26.781  3.0279036,-3.9080732,1.2256513
2013-07-18T14-46-26.797  1.495091,-4.8277607,0.53588563
2013-07-18T14-46-26.798  -0.1910028,-4.981042,-0.03891907
2013-07-18T14-46-26.813  -1.5705341,-5.479206,-0.61372375
2013-07-18T14-46-26.814  -3.2183075,-6.0540104,-0.9969269
2013-07-18T14-46-26.832  -4.7127995,-6.7820964,-0.4604425
2013-07-18T14-46-26.835  -6.2839327,-7.1653,0.61252624
2013-07-18T14-46-26.848  -7.701784,-7.318581,2.4519012
2013-07-18T14-46-26.849  -8.544831,-7.740104,4.9044013
2013-07-18T14-46-26.864  -9.464519,-7.8550653,7.548503
2013-07-18T14-46-26.865  -9.847721,-7.931706,9.962683
2013-07-18T14-46-26.880  -10.422526,-8.276588,11.457174
2013-07-18T14-46-26.881  -11.2655735,-7.8550653,12.721745
2013-07-18T14-46-26.903  -11.9553385,-8.123307,13.33487
2013-07-18T14-46-26.904  -12.951667,-8.3532295,14.331198
2013-07-18T14-46-26.905  -14.101276,-7.740104,15.404167
2013-07-18T14-46-26.909  -14.829362,-7.6634636,17.281862
2013-07-18T14-46-26.917  -15.212565,-7.701784,17.435143
2013-07-18T14-46-26.937  -14.906003,-7.20362,18.814674
2013-07-18T14-46-26.938  -14.024635,-7.0503387,18.163229
2013-07-18T14-46-26.941  -13.29655,-6.628815,16.553776
2013-07-18T14-46-26.949  -12.261901,-6.207292,14.56112
2013-07-18T14-46-26.970  -11.188932,-6.1306515,12.376863
2013-07-18T14-46-26.972  -10.115964,-6.3605733,10.575808
2013-07-18T14-46-26.973  -9.579479,-6.0540104,9.6178
2013-07-18T14-46-26.981  -8.774753,-6.092331,8.736432
2013-07-18T14-46-26.998  -8.008347,-5.900729,8.46819
2013-07-18T14-46-27.000  -7.356901,-6.3222528,8.3532295
2013-07-18T14-46-27.025  -6.7820964,-7.0503387,7.970026
2013-07-18T14-46-27.027  -6.245612,-7.5101824,7.7784247
2013-07-18T14-46-27.028  -5.019362,-7.740104,8.314909
2013-07-18T14-46-27.032  -3.6015105,-8.39155,8.659792
2013-07-18T14-46-27.052  -2.1453388,-8.621471,8.276588
2013-07-18T14-46-27.054  -1.07237,-8.123307,8.276588
2013-07-18T14-46-27.055  0.11555969,-7.7784247,7.931706
2013-07-18T14-46-27.073  0.92028624,-7.8933854,6.973698
2013-07-18T14-46-27.074  1.993255,-7.7784247,5.862409
2013-07-18T14-46-27.077  3.4111066,-7.970026,4.78944
2013-07-18T14-46-27.085  6.9365754,-8.621471,3.7931123
2013-07-18T14-46-27.105  11.803255,-9.119636,2.566862
2013-07-18T14-46-27.107  17.32138,-8.659792,1.8004559
2013-07-18T14-46-27.123  19.543959,-8.42987,1.3789325
2013-07-18T14-46-27.124  19.543959,-7.4718623,0.7658075
2013-07-18T14-46-27.125  19.543959,-6.3988934,-0.38380188
2013-07-18T14-46-27.134  19.543959,-5.2492843,-1.495091
2013-07-18T14-46-27.150  19.543959,-4.78944,-2.5297394
2013-07-18T14-46-27.151  19.543959,-3.5631902,-2.989583
2013-07-18T14-46-27.170  19.543959,-3.1799872,-3.2578254
2013-07-18T14-46-27.171  19.543959,-3.6781511,-2.2614973
2013-07-18T14-46-27.186  19.543959,-3.869753,-1.1885284
2013-07-18T14-46-27.187  19.543959,-3.6398308,-0.61372375
2013-07-18T14-46-27.204  19.543959,-3.4482293,-0.49876282
2013-07-18T14-46-27.205  19.543959,-3.2566278,-1.2268487
2013-07-18T14-46-27.207  19.543959,-3.4482293,-1.993255
2013-07-18T14-46-27.222  19.58228,-3.0650263,-3.2578254
2013-07-18T14-46-27.223  19.543959,-3.3715887,-3.717669
2013-07-18T14-46-27.238  19.543959,-4.1763153,-3.717669
2013-07-18T14-46-27.239  19.543959,-5.0960026,-3.602708
2013-07-18T14-46-27.254  19.543959,-6.0540104,-3.449427
2013-07-18T14-46-27.256  19.543959,-6.7820964,-3.2961457
2013-07-18T14-46-27.272  19.543959,-7.2419405,-2.8363018
2013-07-18T14-46-27.273  19.543959,-7.8550653,-2.7979815
2013-07-18T14-46-27.288  19.543959,-8.161628,-2.4147785
2013-07-18T14-46-27.289  19.543959,-8.39155,-3.2578254
2013-07-18T14-46-27.305  19.428997,-8.544831,-3.8709502
2013-07-18T14-46-27.306  18.58595,-8.851394,-4.3691144
2013-07-18T14-46-27.324  17.24474,-9.234596,-4.445755
2013-07-18T14-46-27.325  15.060482,-9.6178,-4.292474
2013-07-18T14-46-27.341  13.221107,-9.387877,-3.5260675
2013-07-18T14-46-27.342  10.768606,-9.6178,-2.7979815
2013-07-18T14-46-27.358  8.890911,-9.69444,-2.1848567
2013-07-18T14-46-27.359  6.5916924,-9.847721,-1.3034893
2013-07-18T14-46-27.360  4.292474,-9.847721,-0.07723938
2013-07-18T14-46-27.372  1.9166144,-9.349558,1.4555731
2013-07-18T14-46-27.374  -0.8424481,-8.966354,3.294948
2013-07-18T14-46-27.391  -3.026706,-8.276588,5.479206
2013-07-18T14-46-27.392  -4.6744795,-8.161628,8.199948
2013-07-18T14-46-27.404  -5.325925,-8.199948,10.805729
2013-07-18T14-46-27.406  -5.517526,-8.199948,13.947995
2013-07-18T14-46-27.426  -4.406237,-8.6981125,17.243542
2013-07-18T14-46-27.427  -3.294948,-9.157956,19.54276
2013-07-18T14-46-27.441  -1.9920574,-9.65612,19.581081
2013-07-18T14-46-27.442  -0.8807684,-10.115964,19.581081
2013-07-18T14-46-27.458  -0.4975653,-10.192604,19.581081
2013-07-18T14-46-27.460  -0.38260436,-9.771081,19.581081
2013-07-18T14-46-27.474  -0.34428406,-8.659792,19.581081
2013-07-18T14-46-27.475  5.987549E-4,-7.701784,19.581081
2013-07-18T14-46-27.491  0.19220032,-6.3222528,19.581081
2013-07-18T14-46-27.492  0.23052064,-4.6744795,19.581081
2013-07-18T14-46-27.495  -0.03772156,-3.0650263,19.581081
2013-07-18T14-46-27.507  -0.459245,-1.6088544,19.581081
2013-07-18T14-46-27.511  -0.38260436,-0.03772156,18.852995
2013-07-18T14-46-27.527  -0.459245,1.5334113,16.247213
2013-07-18T14-46-27.528  0.07723938,2.1465364,14.177917
2013-07-18T14-46-27.544  0.11555969,3.0662239,12.453503
2013-07-18T14-46-27.546  0.49876282,3.717669,10.920691
2013-07-18T14-46-27.563  1.0352472,4.4074345,9.69444
2013-07-18T14-46-27.564  1.8399738,4.5223956,8.506511
2013-07-18T14-46-27.567  2.5680597,4.828958,7.8933854
2013-07-18T14-46-27.575  2.8363018,5.05888,7.0886593
2013-07-18T14-46-27.592  3.6793487,5.3654423,6.590495
2013-07-18T14-46-27.593  4.445755,5.672005,6.092331
2013-07-18T14-46-27.612  4.3691144,5.6336846,5.747448
2013-07-18T14-46-27.614  4.8672786,5.8252864,5.2876043
2013-07-18T14-46-27.626  4.292474,6.2468095,4.137995
2013-07-18T14-46-27.627  4.828958,6.0935283,3.869753
