2013-07-18T14-42-38.270  5.7103252,15.060482,11.227253
2013-07-18T14-42-38.273  2.6830206,7.013216,5.4408855
2013-07-18T14-42-38.274  2.721341,7.1281767,5.4025655
2013-07-18T14-42-38.299  2.5680597,7.0898566,5.1726437
2013-07-18T14-42-38.301  2.491419,6.8216143,5.2109637
2013-07-18T14-42-38.302  2.491419,7.051536,5.4025655
2013-07-18T14-42-38.303  2.3764582,6.859935,4.75112
2013-07-18T14-42-38.311  2.5680597,6.9365754,5.6324873
2013-07-18T14-42-38.326  2.60638,6.7449737,5.709128
2013-07-18T14-42-38.328  2.5297394,7.013216,4.4445577
2013-07-18T14-42-38.346  2.8363018,6.7449737,6.6671357
2013-07-18T14-42-38.349  2.5297394,6.9365754,5.5941668
2013-07-18T14-42-38.362  2.6447003,6.859935,5.4408855
2013-07-18T14-42-38.364  2.5297394,6.898255,6.628815
2013-07-18T14-42-38.378  2.6447003,6.9365754,5.2109637
2013-07-18T14-42-38.379  2.721341,6.8216143,5.7857685
2013-07-18T14-42-38.398  2.60638,6.9365754,6.0540104
2013-07-18T14-42-38.400  2.5680597,7.0898566,5.1726437
2013-07-18T14-42-38.412  2.60638,6.9748955,5.900729
2013-07-18T14-42-38.413  2.6830206,7.1281767,5.479206
2013-07-18T14-42-38.427  2.6830206,6.9748955,5.2109637
2013-07-18T14-42-38.428  2.8363018,7.1281767,5.7857685
2013-07-18T14-42-38.443  2.60638,7.1281767,5.364245
2013-07-18T14-42-38.444  2.9129424,7.1281767,5.4408855
2013-07-18T14-42-38.448  2.7596612,7.243138,5.5941668
2013-07-18T14-42-38.464  2.8363018,7.0898566,5.1726437
2013-07-18T14-42-38.465  2.8363018,7.051536,5.2492843
2013-07-18T14-42-38.478  2.721341,7.243138,5.325925
2013-07-18T14-42-38.480  2.7979815,7.281458,4.981042
2013-07-18T14-42-38.494  2.6830206,7.2048173,5.4408855
2013-07-18T14-42-38.496  2.721341,7.013216,5.2492843
2013-07-18T14-42-38.513  2.7596612,7.281458,4.9427214
2013-07-18T14-42-38.514  2.721341,7.051536,5.479206
2013-07-18T14-42-38.528  2.8363018,7.166497,5.0576825
2013-07-18T14-42-38.529  3.0662239,7.166497,5.019362
2013-07-18T14-42-38.545  3.3727863,6.898255,4.6744795
2013-07-18T14-42-38.546  3.717669,7.051536,4.137995
2013-07-18T14-42-38.562  4.5223956,7.396419,3.9463935
2013-07-18T14-42-38.563  5.8636065,7.971224,3.9080732
2013-07-18T14-42-38.583  7.166497,8.852591,4.4828777
2013-07-18T14-42-38.586  7.741302,10.270443,5.97737
2013-07-18T14-42-38.604  8.622669,12.071497,7.1269794
2013-07-18T14-42-38.605  8.967552,13.374388,7.701784
2013-07-18T14-42-38.606  9.695638,14.86888,7.8550653
2013-07-18T14-42-38.609  10.347083,15.826888,7.012018
2013-07-18T14-42-38.616  10.9985285,16.746574,6.437214
2013-07-18T14-42-38.632  11.305091,17.627943,6.092331
2013-07-18T14-42-38.633  11.918216,18.394348,6.1306515
2013-07-18T14-42-38.646  12.033176,18.70091,7.1653
2013-07-18T14-42-38.649  12.224778,19.160755,8.621471
2013-07-18T14-42-38.665  12.263099,19.275717,9.69444
2013-07-18T14-42-38.666  12.493021,19.122435,11.303893
2013-07-18T14-42-38.689  12.761263,18.739231,12.338542
2013-07-18T14-42-38.690  12.914544,18.087786,13.219909
2013-07-18T14-42-38.691  12.722942,17.206419,13.679752
2013-07-18T14-42-38.697  11.994857,16.440012,14.216237
2013-07-18T14-42-38.719  10.883568,14.94552,14.829362
2013-07-18T14-42-38.721  9.695638,13.412708,15.174245
2013-07-18T14-42-38.739  8.047864,11.649974,15.174245
2013-07-18T14-42-38.741  6.5533724,9.848919,14.599441
2013-07-18T14-42-38.741  4.599036,8.162826,14.101276
2013-07-18T14-42-38.745  2.874622,6.131849,13.564792
2013-07-18T14-42-38.754  1.5334113,4.4840755,13.258229
2013-07-18T14-42-38.765  0.49876282,2.6830206,12.798386
2013-07-18T14-42-38.769  -0.53588563,0.92028624,12.606784
2013-07-18T14-42-38.781  -0.8424481,-0.68916684,12.491823
2013-07-18T14-42-38.785  -0.9190887,-2.3752606,13.181589
2013-07-18T14-42-38.798  -1.3022919,-3.9080732,13.986316
2013-07-18T14-42-38.801  -2.2602997,-4.9044013,14.56112
2013-07-18T14-42-38.820  -3.4482293,-5.517526,14.867682
2013-07-18T14-42-38.822  -4.981042,-6.092331,14.292878
2013-07-18T14-42-38.836  -6.1306515,-6.0540104,13.449831
2013-07-18T14-42-38.837  -6.5138545,-6.3222528,11.572136
2013-07-18T14-42-38.849  -6.3988934,-6.1689715,9.847721
2013-07-18T14-42-38.850  -5.8240886,-5.862409,8.008347
2013-07-18T14-42-38.867  -5.364245,-5.364245,7.0503387
2013-07-18T14-42-38.867  -4.4828777,-5.0576825,6.207292
2013-07-18T14-42-38.887  -4.061354,-4.78944,5.8240886
2013-07-18T14-42-38.888  -3.7931123,-4.3295965,5.2492843
2013-07-18T14-42-38.900  -3.9463935,-4.367917,4.7127995
2013-07-18T14-42-38.901  -4.023034,-4.597839,3.754792
2013-07-18T14-42-38.918  -4.252956,-4.8660808,1.1490107
2013-07-18T14-42-38.919  -4.78944,-5.0576825,-1.6100519
2013-07-18T14-42-38.922  -5.479206,-5.6324873,-4.5223956
2013-07-18T14-42-38.938  -6.628815,-5.9390497,-7.2048173
2013-07-18T14-42-38.940  -7.816745,-6.245612,-9.350755
2013-07-18T14-42-38.964  -8.889713,-6.628815,-11.075169
2013-07-18T14-42-38.965  -9.847721,-6.7820964,-11.879895
2013-07-18T14-42-38.966  -10.422526,-6.6671357,-11.994857
2013-07-18T14-42-38.970  -10.4991665,-6.2839327,-10.615325
2013-07-18T14-42-38.989  -10.115964,-6.245612,-8.469388
2013-07-18T14-42-38.991  -9.924362,-5.8240886,-6.438411
2013-07-18T14-42-39.009  -9.311237,-5.8240886,-4.8672786
2013-07-18T14-42-39.010  -9.004675,-5.6324873,-4.3691144
2013-07-18T14-42-39.026  -8.46819,-5.5941668,-4.3691144
2013-07-18T14-42-39.032  -7.931706,-5.97737,-4.5223956
2013-07-18T14-42-39.049  -7.1269794,-6.3988934,-4.943919
2013-07-18T14-42-39.057  -6.3222528,-6.6671357,-4.943919
2013-07-18T14-42-39.073  -5.364245,-7.0503387,-4.3691144
2013-07-18T14-42-39.074  -4.2912765,-6.7820964,-2.9512627
2013-07-18T14-42-39.076  -2.7584639,-6.705456,-0.95860654
2013-07-18T14-42-39.077  -0.8041278,-6.5138545,0.65084654
2013-07-18T14-42-39.077  1.265169,-6.092331,2.1453388
2013-07-18T14-42-39.089  3.7943096,-5.747448,2.7201433
2013-07-18T14-42-39.090  5.9785676,-5.479206,2.183659
2013-07-18T14-42-39.103  7.9329033,-4.636159,0.9957294
2013-07-18T14-42-39.106  8.77595,-4.2912765,0.1526825
2013-07-18T14-42-39.121  8.852591,-3.5631902,0.11436218
2013-07-18T14-42-39.123  8.852591,-2.911745,0.7658075
2013-07-18T14-42-39.141  9.695638,-2.6051824,2.2219794
2013-07-18T14-42-39.142  11.381732,-2.5285418,4.8277607
2013-07-18T14-42-39.157  14.332396,-2.4902215,7.2802606
2013-07-18T14-42-39.158  18.126106,-2.6051824,9.311237
2013-07-18T14-42-39.171  19.543959,-1.8387762,11.035651
2013-07-18T14-42-39.172  19.543959,-1.1106904,13.104948
2013-07-18T14-42-39.191  19.543959,0.23052064,14.982643
2013-07-18T14-42-39.192  19.543959,0.95860654,17.05194
2013-07-18T14-42-39.206  19.543959,2.1848567,18.27819
2013-07-18T14-42-39.207  19.543959,3.2578254,18.584753
2013-07-18T14-42-39.226  19.543959,4.0242314,19.31284
2013-07-18T14-42-39.227  19.543959,4.1391926,19.581081
2013-07-18T14-42-39.229  19.543959,4.2541533,19.581081
2013-07-18T14-42-39.240  19.543959,4.292474,19.581081
2013-07-18T14-42-39.243  19.543959,4.062552,19.581081
2013-07-18T14-42-39.257  19.58228,3.83263,19.54276
2013-07-18T14-42-39.260  19.543959,3.717669,18.20155
2013-07-18T14-42-39.278  19.543959,3.2961457,15.672409
2013-07-18T14-42-39.281  19.543959,2.6447003,13.181589
2013-07-18T14-42-39.292  19.543959,1.6100519,11.418855
2013-07-18T14-42-39.293  19.543959,0.9969269,9.502839
2013-07-18T14-42-39.308  19.543959,0.4604425,8.276588
2013-07-18T14-42-39.309  19.543959,-0.1526825,6.590495
2013-07-18T14-42-39.324  19.543959,-0.61252624,5.747448
2013-07-18T14-42-39.325  18.50931,-1.0340496,4.8660808
2013-07-18T14-42-39.343  16.784895,-1.3406122,4.137995
2013-07-18T14-42-39.344  14.983841,-1.8387762,3.7931123
2013-07-18T14-42-39.358  13.451029,-2.2219794,3.3715887
2013-07-18T14-42-39.359  11.611653,-3.026706,3.026706
2013-07-18T14-42-39.363  9.887239,-3.4482293,2.8351045
2013-07-18T14-42-39.375  8.201145,-3.8314326,2.29862
2013-07-18T14-42-39.380  6.28513,-4.1763153,1.6088544
2013-07-18T14-42-39.394  5.05888,-4.214636,0.9190887
2013-07-18T14-42-39.395  3.5643878,-4.75112,0.57420594
2013-07-18T14-42-39.411  2.6447003,-5.517526,0.22932312
2013-07-18T14-42-39.412  1.8399738,-6.1306515,0.22932312
2013-07-18T14-42-39.430  0.30716124,-5.4408855,0.4209247
2013-07-18T14-42-39.431  -1.4172528,-5.1726437,0.8424481
2013-07-18T14-42-39.444  -2.29862,-5.1726437,0.9957294
2013-07-18T14-42-39.445  -3.52487,-4.9044013,0.9190887
2013-07-18T14-42-39.462  -4.406237,-5.134323,0.26764342
2013-07-18T14-42-39.463  -5.747448,-5.5941668,-1.0735675
2013-07-18T14-42-39.477  -6.475534,-5.8240886,-2.5680597
2013-07-18T14-42-39.478  -7.012018,-6.092331,-3.83263
2013-07-18T14-42-39.494  -7.586823,-6.5138545,-4.1775126
2013-07-18T14-42-39.495  -7.356901,-6.3605733,-3.8709502
2013-07-18T14-42-39.517  -8.161628,-6.6671357,-2.9512627
2013-07-18T14-42-39.518  -8.6981125,-6.590495,-1.5334113
2013-07-18T14-42-39.519  -8.851394,-6.1689715,-0.15388
2013-07-18T14-42-39.525  -9.119636,-6.0540104,1.1490107
2013-07-18T14-42-39.532  -9.272917,-5.6324873,1.2639716
2013-07-18T14-42-39.544  -8.928034,-5.364245,1.3022919
2013-07-18T14-42-39.548  -9.119636,-4.8277607,0.7658075
2013-07-18T14-42-39.561  -9.119636,-4.214636,0.53588563
2013-07-18T14-42-39.564  -9.65612,-3.9463935,0.61252624
2013-07-18T14-42-39.581  -10.345885,-3.2183075,0.8041278
2013-07-18T14-42-39.582  -10.537487,-2.7584639,0.7274872
2013-07-18T14-42-39.600  -10.805729,-2.1070185,0.22932312
2013-07-18T14-42-39.601  -10.384206,-1.8387762,-0.26884094
2013-07-18T14-42-39.613  -9.73276,-1.6088544,-0.88196594
2013-07-18T14-42-39.614  -8.46819,-1.6471747,-1.1502081
2013-07-18T14-42-39.629  -7.356901,-1.0340496,-0.8053253
2013-07-18T14-42-39.630  -6.0156903,-0.459245,0.03772156
2013-07-18T14-42-39.649  -4.597839,0.42212218,1.0340496
2013-07-18T14-42-39.650  -3.2183075,1.1502081,2.681823
2013-07-18T14-42-39.667  -1.9920574,2.2998176,4.636159
2013-07-18T14-42-39.669  -0.30596375,3.219505,6.590495
2013-07-18T14-42-39.670  1.265169,3.6410284,8.506511
2013-07-18T14-42-39.685  3.2961457,4.5223956,9.387877
2013-07-18T14-42-39.686  5.4804034,4.943919,10.345885
2013-07-18T14-42-39.697  8.316107,5.901927,11.418855
2013-07-18T14-42-39.700  12.41638,6.28513,12.951667
2013-07-18T14-42-39.714  16.401693,7.51138,15.020964
2013-07-18T14-42-39.717  19.428997,8.239466,16.630417
2013-07-18T14-42-39.734  19.543959,8.77595,17.780025
2013-07-18T14-42-39.735  19.543959,9.733958,18.04827
2013-07-18T14-42-39.753  19.505638,10.462044,17.971628
2013-07-18T14-42-39.754  19.237396,10.385404,17.741707
2013-07-18T14-42-39.768  18.317709,9.350755,17.741707
2013-07-18T14-42-39.769  17.934505,9.618998,17.856667
2013-07-18T14-42-39.788  17.091457,9.159153,17.856667
2013-07-18T14-42-39.789  15.980169,9.044192,17.588425
2013-07-18T14-42-39.790  14.562318,8.699309,16.860338
2013-07-18T14-42-39.797  13.067825,8.239466,16.017292
2013-07-18T14-42-39.815  11.496693,7.5497003,14.829362
2013-07-18T14-42-39.817  9.810598,7.2048173,13.986316
2013-07-18T14-42-39.821  8.162826,6.898255,13.29655
2013-07-18T14-42-39.843  7.013216,6.438411,12.913346
2013-07-18T14-42-39.844  6.0935283,6.0935283,12.568463
2013-07-18T14-42-39.845  5.7103252,5.748646,11.917019
2013-07-18T14-42-39.853  5.6336846,5.6336846,11.150612
2013-07-18T14-42-39.869  5.5953646,5.1355205,10.4991665
2013-07-18T14-42-39.870  5.672005,5.2888017,10.230925
2013-07-18T14-42-39.885  5.2504816,5.02056,9.196277
2013-07-18T14-42-39.886  4.560716,4.7523174,8.008347
