2013-07-18T14-40-21.578  -6.705456,-4.636159,-1.2268487
2013-07-18T14-40-21.580  -1.6471747,9.465716,0.4209247
2013-07-18T14-40-21.598  -1.7621356,9.5423565,0.26764342
2013-07-18T14-40-21.599  -1.6088544,9.350755,0.8424481
2013-07-18T14-40-21.617  -1.6088544,9.389075,1.5322137
2013-07-18T14-40-21.618  -1.685495,9.427396,0.8424481
2013-07-18T14-40-21.620  -1.5322137,9.427396,2.1070185
2013-07-18T14-40-21.635  -1.8004559,9.465716,1.3022919
2013-07-18T14-40-21.642  -1.8004559,9.389075,0.57420594
2013-07-18T14-40-21.656  -1.4172528,9.197474,2.566862
2013-07-18T14-40-21.658  -1.5705341,9.312435,0.7274872
2013-07-18T14-40-21.672  -1.3022919,9.350755,1.3406122
2013-07-18T14-40-21.674  -1.3406122,9.235794,2.1070185
2013-07-18T14-40-21.687  -1.4938934,9.274115,0.9574091
2013-07-18T14-40-21.691  -1.6088544,9.504036,1.9154168
2013-07-18T14-40-21.703  -1.7621356,9.618998,1.6471747
2013-07-18T14-40-21.704  -1.9154168,9.504036,0.38260436
2013-07-18T14-40-21.718  -1.6088544,9.350755,1.1106904
2013-07-18T14-40-21.719  -1.5322137,9.465716,0.26764342
2013-07-18T14-40-21.734  -1.4555731,9.427396,-0.15388
2013-07-18T14-40-21.735  -1.3406122,9.389075,0.53588563
2013-07-18T14-40-21.752  -1.3406122,9.5423565,0.34428406
2013-07-18T14-40-21.753  -1.1490107,9.465716,1.0340496
2013-07-18T14-40-21.768  -1.4172528,9.504036,1.9920574
2013-07-18T14-40-21.769  -1.8770965,9.504036,1.9537371
2013-07-18T14-40-21.774  -2.183659,9.695638,2.681823
2013-07-18T14-40-21.786  -2.5285418,9.580677,2.6051824
2013-07-18T14-40-21.788  -2.7967842,9.887239,2.4519012
2013-07-18T14-40-21.802  -2.9500654,9.92556,2.6051824
2013-07-18T14-40-21.805  -2.8734248,10.078841,1.685495
2013-07-18T14-40-21.821  -2.681823,10.0022,1.187331
2013-07-18T14-40-21.822  -2.4902215,10.0022,0.53588563
2013-07-18T14-40-21.837  -2.29862,9.848919,-0.53708315
2013-07-18T14-40-21.838  -2.2219794,9.92556,-1.2268487
2013-07-18T14-40-21.856  -2.1070185,9.733958,-1.495091
2013-07-18T14-40-21.859  -2.681823,10.308763,-1.8782941
2013-07-18T14-40-21.873  -3.141667,11.343411,-2.0315752
2013-07-18T14-40-21.876  -3.4865496,11.535013,-1.8016534
2013-07-18T14-40-21.893  -3.1799872,11.075169,-1.7250128
2013-07-18T14-40-21.894  -3.0650263,11.075169,-1.6866925
2013-07-18T14-40-21.905  -3.026706,10.768606,-1.9166144
2013-07-18T14-40-21.906  -3.1033466,10.347083,-2.2998176
2013-07-18T14-40-21.922  -3.0650263,9.504036,-2.491419
2013-07-18T14-40-21.923  -3.1799872,9.274115,-2.721341
2013-07-18T14-40-21.926  -3.52487,8.929232,-2.9512627
2013-07-18T14-40-21.943  -3.7931123,8.66099,-2.8363018
2013-07-18T14-40-21.944  -4.214636,8.354427,-2.6447003
2013-07-18T14-40-21.956  -4.252956,8.047864,-2.3764582
2013-07-18T14-40-21.957  -4.597839,7.9329033,-2.0698957
2013-07-18T14-40-21.971  -4.981042,7.741302,-2.2998176
2013-07-18T14-40-21.973  -4.981042,7.4347396,-2.3764582
2013-07-18T14-40-21.989  -5.134323,6.783294,-2.6830206
2013-07-18T14-40-21.990  -5.0960026,6.515052,-2.9129424
2013-07-18T14-40-22.008  -5.479206,6.2468095,-2.9129424
2013-07-18T14-40-22.009  -5.747448,6.055208,-2.5297394
2013-07-18T14-40-22.026  -6.092331,5.748646,-1.9549347
2013-07-18T14-40-22.027  -6.6671357,5.748646,-1.2268487
2013-07-18T14-40-22.042  -6.820417,5.518724,-0.26884094
2013-07-18T14-40-22.043  -6.820417,5.4804034,0.1526825
2013-07-18T14-40-22.063  -6.628815,5.173841,0.459245
2013-07-18T14-40-22.065  -6.7820964,4.9055986,0.53588563
2013-07-18T14-40-22.080  -6.5521746,4.6373568,0.68916684
2013-07-18T14-40-22.080  -6.245612,4.100872,0.7274872
2013-07-18T14-40-22.081  -5.747448,3.9475908,0.65084654
2013-07-18T14-40-22.093  -4.9044013,3.6410284,0.65084654
2013-07-18T14-40-22.094  -4.1763153,3.449427,1.1490107
2013-07-18T14-40-22.109  -2.8351045,3.4111066,1.8770965
2013-07-18T14-40-22.110  -1.5705341,3.602708,2.2219794
2013-07-18T14-40-22.124  -0.22932312,3.6410284,2.681823
2013-07-18T14-40-22.126  0.95860654,3.4877472,2.7584639
2013-07-18T14-40-22.142  2.5297394,3.334466,2.5285418
2013-07-18T14-40-22.143  3.7559893,3.1428645,2.1453388
2013-07-18T14-40-22.161  5.403763,3.5643878,1.685495
2013-07-18T14-40-22.163  6.668333,3.6793487,1.2639716
2013-07-18T14-40-22.178  7.6646614,3.6793487,0.9957294
2013-07-18T14-40-22.178  8.392747,3.6410284,1.1490107
2013-07-18T14-40-22.194  8.431067,3.5643878,1.6471747
2013-07-18T14-40-22.194  8.354427,3.9475908,2.2219794
2013-07-18T14-40-22.209  8.469388,4.062552,2.7967842
2013-07-18T14-40-22.210  8.622669,4.292474,3.1033466
2013-07-18T14-40-22.226  9.235794,3.9859114,3.141667
2013-07-18T14-40-22.227  9.504036,4.100872,3.3715887
2013-07-18T14-40-22.230  9.96388,3.9859114,3.141667
2013-07-18T14-40-22.242  10.6536455,3.9092705,2.9883857
2013-07-18T14-40-22.246  10.883568,3.7943096,2.7584639
2013-07-18T14-40-22.259  11.15181,3.4877472,2.8734248
2013-07-18T14-40-22.262  11.26677,3.7943096,3.141667
2013-07-18T14-40-22.276  11.573333,3.83263,3.3715887
2013-07-18T14-40-22.278  11.726614,3.717669,3.7164717
2013-07-18T14-40-22.296  11.994857,4.100872,4.252956
2013-07-18T14-40-22.297  12.378059,4.3691144,4.8660808
2013-07-18T14-40-22.313  13.067825,4.7139974,5.4408855
2013-07-18T14-40-22.314  13.64263,4.560716,5.7857685
2013-07-18T14-40-22.328  14.102474,4.8672786,5.9390497
2013-07-18T14-40-22.329  14.83056,5.2504816,5.6324873
2013-07-18T14-40-22.345  15.290403,5.1355205,5.1726437
2013-07-18T14-40-22.346  15.328724,5.2504816,4.4828777
2013-07-18T14-40-22.361  14.94552,5.786966,3.9080732
2013-07-18T14-40-22.362  14.753919,5.7103252,3.4865496
2013-07-18T14-40-22.379  14.332396,5.5953646,3.1799872
2013-07-18T14-40-22.380  13.910872,5.672005,3.4865496
2013-07-18T14-40-22.383  13.374388,5.5953646,4.214636
2013-07-18T14-40-22.396  12.914544,5.8636065,4.8277607
2013-07-18T14-40-22.399  12.569661,5.557044,5.325925
2013-07-18T14-40-22.420  12.071497,5.9785676,5.364245
2013-07-18T14-40-22.421  11.918216,5.8636065,4.9044013
2013-07-18T14-40-22.424  11.764935,5.8636065,4.4445577
2013-07-18T14-40-22.431  11.611653,6.2084894,4.0996747
2013-07-18T14-40-22.452  11.649974,6.055208,4.023034
2013-07-18T14-40-22.454  11.343411,5.9785676,4.252956
2013-07-18T14-40-22.455  11.036849,6.131849,4.78944
2013-07-18T14-40-22.463  10.538685,6.170169,5.4025655
2013-07-18T14-40-22.487  9.810598,5.8636065,5.6708074
2013-07-18T14-40-22.488  9.389075,5.786966,6.0540104
2013-07-18T14-40-22.489  8.890911,5.901927,6.207292
2013-07-18T14-40-22.495  8.584349,5.748646,6.475534
2013-07-18T14-40-22.515  8.316107,5.4420834,6.2839327
2013-07-18T14-40-22.516  7.7029815,5.403763,6.207292
2013-07-18T14-40-22.539  7.396419,5.02056,5.862409
2013-07-18T14-40-22.541  6.515052,5.05888,5.4408855
2013-07-18T14-40-22.542  5.901927,4.828958,5.134323
2013-07-18T14-40-22.544  5.212161,5.05888,4.78944
2013-07-18T14-40-22.552  4.5223956,5.173841,4.4445577
2013-07-18T14-40-22.565  4.0242314,5.2888017,4.406237
2013-07-18T14-40-22.567  3.4111066,5.2888017,3.9463935
2013-07-18T14-40-22.582  2.3381379,5.02056,3.5631902
2013-07-18T14-40-22.584  1.8782941,5.173841,3.3715887
2013-07-18T14-40-22.600  1.9166144,5.4420834,2.8351045
2013-07-18T14-40-22.602  2.2614973,5.6336846,2.183659
