2013-07-18T11-26-29.040  -5.325925,-2.3369403,7.20362
2013-07-18T11-26-29.043  17.781223,13.60431,17.588425
2013-07-18T11-26-29.072  17.43634,13.795911,18.623074
2013-07-18T11-26-29.073  16.363373,13.412708,19.197878
2013-07-18T11-26-29.075  14.86888,12.607982,19.54276
2013-07-18T11-26-29.076  12.378059,11.381732,18.891315
2013-07-18T11-26-29.101  9.733958,10.462044,18.39315
2013-07-18T11-26-29.103  7.7029815,9.657317,17.550104
2013-07-18T11-26-29.104  5.1355205,9.197474,17.243542
2013-07-18T11-26-29.119  3.449427,8.392747,17.933308
2013-07-18T11-26-29.120  1.5334113,7.5497003,16.055613
2013-07-18T11-26-29.123  0.07723938,6.898255,15.174245
2013-07-18T11-26-29.132  -1.3789325,7.013216,15.020964
2013-07-18T11-26-29.145  -2.8351045,6.0935283,13.526471
2013-07-18T11-26-29.147  -4.061354,5.557044,13.8330345
2013-07-18T11-26-29.170  -5.517526,5.4804034,13.41151
2013-07-18T11-26-29.172  -6.0540104,5.2888017,12.0703
2013-07-18T11-26-29.173  -6.475534,4.9055986,12.03198
2013-07-18T11-26-29.179  -6.3988934,4.330794,10.192604
2013-07-18T11-26-29.197  -6.437214,3.9475908,8.46819
2013-07-18T11-26-29.198  -6.3605733,3.5643878,7.6634636
2013-07-18T11-26-29.217  -6.5521746,3.1428645,5.9390497
2013-07-18T11-26-29.218  -6.973698,2.8363018,5.364245
2013-07-18T11-26-29.231  -7.1653,2.4530988,4.981042
2013-07-18T11-26-29.232  -7.0503387,2.3381379,4.137995
2013-07-18T11-26-29.237  -7.3952217,1.9549347,4.252956
2013-07-18T11-26-29.249  -7.6251435,2.0698957,4.3295965
2013-07-18T11-26-29.251  -7.8550653,1.993255,4.023034
2013-07-18T11-26-29.265  -7.318581,1.8399738,3.7931123
2013-07-18T11-26-29.268  -6.820417,1.6483722,3.1799872
2013-07-18T11-26-29.281  -6.0540104,1.38013,2.9500654
2013-07-18T11-26-29.284  -4.8277607,1.5334113,2.4519012
2013-07-18T11-26-29.302  -3.9463935,1.38013,1.9920574
2013-07-18T11-26-29.304  -3.4482293,0.88196594,1.8770965
2013-07-18T11-26-29.319  -3.2566278,0.8053253,1.685495
2013-07-18T11-26-29.320  -3.4865496,0.69036436,1.4938934
2013-07-18T11-26-29.332  -3.5631902,0.65204406,1.3406122
2013-07-18T11-26-29.333  -3.3715887,0.42212218,1.5322137
2013-07-18T11-26-29.352  -2.911745,0.23052064,1.1490107
2013-07-18T11-26-29.353  -2.2602997,0.38380188,0.7658075
2013-07-18T11-26-29.368  -1.7238153,-0.07604187,0.459245
2013-07-18T11-26-29.369  -1.4172528,-0.4209247,-0.03891907
2013-07-18T11-26-29.386  -1.1106904,-0.459245,0.11436218
2013-07-18T11-26-29.387  -0.9574091,-0.4209247,0.57420594
2013-07-18T11-26-29.388  -0.7274872,-0.57420594,0.9957294
2013-07-18T11-26-29.401  -0.8807684,-0.459245,1.4555731
2013-07-18T11-26-29.404  -0.8041278,-0.4209247,1.7621356
2013-07-18T11-26-29.418  -0.8807684,-0.26764342,1.9154168
2013-07-18T11-26-29.420  -0.9190887,0.19220032,2.2219794
2013-07-18T11-26-29.437  -0.9574091,0.84364563,2.6435027
2013-07-18T11-26-29.438  -0.459245,1.4184504,3.294948
2013-07-18T11-26-29.453  0.03891907,1.3418097,3.6781511
2013-07-18T11-26-29.454  0.61372375,1.8399738,4.1763153
2013-07-18T11-26-29.475  1.1502081,1.8016534,5.134323
2013-07-18T11-26-29.477  1.4567707,2.491419,6.0540104
2013-07-18T11-26-29.493  1.8782941,3.6793487,7.3952217
2013-07-18T11-26-29.495  2.8363018,4.560716,8.39155
2013-07-18T11-26-29.496  4.292474,5.403763,9.6178
2013-07-18T11-26-29.501  6.515052,5.8636065,10.690768
2013-07-18T11-26-29.527  8.814271,6.7066536,11.878698
2013-07-18T11-26-29.529  10.691966,7.626341,13.909675
2013-07-18T11-26-29.530  11.764935,8.469388,16.055613
2013-07-18T11-26-29.533  12.263099,9.312435,18.23987
2013-07-18T11-26-29.540  12.646302,10.117161,19.581081
2013-07-18T11-26-29.556  12.4547,10.423724,19.581081
2013-07-18T11-26-29.557  12.33974,10.9985285,19.581081
2013-07-18T11-26-29.573  11.994857,10.960208,19.581081
2013-07-18T11-26-29.574  11.496693,10.6536455,19.581081
2013-07-18T11-26-29.589  10.385404,10.040521,19.581081
2013-07-18T11-26-29.590  9.312435,9.733958,19.581081
2013-07-18T11-26-29.604  8.0861845,8.73763,19.54276
2013-07-18T11-26-29.605  6.438411,8.469388,19.4278
2013-07-18T11-26-29.625  4.9822392,7.626341,18.623074
2013-07-18T11-26-29.626  3.5643878,6.9365754,18.009949
2013-07-18T11-26-29.640  2.5680597,6.400091,16.860338
2013-07-18T11-26-29.641  1.8399738,5.901927,15.6340885
2013-07-18T11-26-29.656  1.3418097,5.173841,14.5227995
2013-07-18T11-26-29.657  0.57540345,4.828958,13.33487
2013-07-18T11-26-29.672  0.42212218,4.4074345,12.415182
2013-07-18T11-26-29.674  -0.30596375,4.0242314,11.6104555
2013-07-18T11-26-29.690  -1.3022919,3.602708,10.537487
2013-07-18T11-26-29.691  -2.1070185,3.4111066,9.8094015
2013-07-18T11-26-29.693  -2.7201433,3.1045442,8.889713
2013-07-18T11-26-29.709  -3.141667,2.721341,8.46819
2013-07-18T11-26-29.711  -3.7164717,2.4147785,7.701784
2013-07-18T11-26-29.726  -4.061354,2.2998176,7.012018
2013-07-18T11-26-29.728  -4.406237,2.1848567,6.207292
2013-07-18T11-26-29.740  -4.5595183,2.1465364,5.4025655
2013-07-18T11-26-29.741  -4.5211983,1.8016534,4.75112
2013-07-18T11-26-29.756  -4.406237,1.9166144,3.754792
2013-07-18T11-26-29.757  -4.4828777,1.8399738,2.9883857
2013-07-18T11-26-29.774  -4.4445577,1.6100519,1.9920574
2013-07-18T11-26-29.775  -4.5595183,1.38013,1.3789325
2013-07-18T11-26-29.792  -4.5595183,1.3034893,0.61252624
2013-07-18T11-26-29.793  -4.636159,1.1502081,-0.19220032
2013-07-18T11-26-29.807  -4.5211983,0.84364563,-0.65204406
2013-07-18T11-26-29.808  -4.75112,0.53708315,-0.53708315
2013-07-18T11-26-29.824  -4.8277607,0.30716124,-0.15388
2013-07-18T11-26-29.826  -4.8277607,5.987549E-4,0.53588563
2013-07-18T11-26-29.842  -4.8660808,-0.38260436,1.0340496
2013-07-18T11-26-29.843  -4.4828777,-0.7658075,1.4172528
2013-07-18T11-26-29.846  -4.023034,-0.7658075,1.4172528
2013-07-18T11-26-29.859  -3.1033466,-0.9574091,0.8424481
2013-07-18T11-26-29.862  -2.566862,-1.2256513,0.61252624
2013-07-18T11-26-29.876  -1.8004559,-0.8041278,0.7274872
2013-07-18T11-26-29.878  -2.5285418,-1.1490107,0.26764342
2013-07-18T11-26-29.892  -2.4519012,-0.9190887,0.7274872
2013-07-18T11-26-29.894  -2.6051824,-0.38260436,0.8424481
2013-07-18T11-26-29.911  -2.7201433,-0.07604187,1.2256513
2013-07-18T11-26-29.913  -2.9500654,0.30716124,1.9920574
2013-07-18T11-26-29.928  -2.6051824,0.34548157,2.7201433
2013-07-18T11-26-29.929  -1.9537371,0.767005,3.4482293
2013-07-18T11-26-29.943  -1.1490107,1.4567707,3.9463935
2013-07-18T11-26-29.944  -0.26764342,2.108216,4.7127995
2013-07-18T11-26-29.960  0.42212218,2.60638,5.900729
2013-07-18T11-26-29.961  0.9969269,3.6410284,7.740104
2013-07-18T11-26-29.982  1.9549347,5.1355205,10.1542845
2013-07-18T11-26-29.984  2.60638,5.8636065,12.14694
2013-07-18T11-26-29.997  3.6793487,6.5533724,13.871354
2013-07-18T11-26-29.999  4.9055986,7.8179426,15.6340885
2013-07-18T11-26-30.000  6.0168877,8.622669,16.438816
2013-07-18T11-26-30.013  7.5497003,9.044192,17.588425
2013-07-18T11-26-30.014  8.73763,10.193802,18.009949
2013-07-18T11-26-30.030  10.538685,10.232122,18.43147
2013-07-18T11-26-30.031  11.726614,10.117161,18.738033
2013-07-18T11-26-30.046  12.646302,10.117161,19.274519
2013-07-18T11-26-30.047  12.991184,10.0022,19.581081
2013-07-18T11-26-30.061  12.761263,9.810598,19.581081
2013-07-18T11-26-30.063  11.726614,9.312435,19.581081
2013-07-18T11-26-30.079  10.691966,8.622669,19.581081
2013-07-18T11-26-30.080  8.890911,7.894583,19.54276
2013-07-18T11-26-30.099  7.779622,7.358099,18.738033
2013-07-18T11-26-30.100  6.5916924,6.9365754,17.1669
2013-07-18T11-26-30.113  5.4420834,6.32345,15.442487
2013-07-18T11-26-30.114  4.4840755,6.131849,13.794714
2013-07-18T11-26-30.132  3.449427,5.6336846,12.376863
2013-07-18T11-26-30.133  2.5297394,5.0972004,11.150612
2013-07-18T11-26-30.135  1.7633331,4.6373568,10.192604
2013-07-18T11-26-30.151  0.8053253,4.1391926,9.196277
2013-07-18T11-26-30.153  0.30716124,3.7943096,8.46819
2013-07-18T11-26-30.164  -0.11436218,3.602708,7.3952217
2013-07-18T11-26-30.167  -0.38260436,3.219505,6.820417
2013-07-18T11-26-30.181  -0.8424481,3.0662239,6.3988934
2013-07-18T11-26-30.182  -1.1106904,2.5680597,5.709128
2013-07-18T11-26-30.199  -1.5322137,2.4147785,5.0960026
2013-07-18T11-26-30.200  -1.9537371,1.9549347,4.214636
2013-07-18T11-26-30.214  -2.2219794,1.7250128,3.3332684
2013-07-18T11-26-30.216  -2.5285418,1.4184504,2.4902215
2013-07-18T11-26-30.231  -2.681823,1.3034893,1.6088544
2013-07-18T11-26-30.233  -2.7584639,1.3034893,1.4938934
2013-07-18T11-26-30.248  -2.911745,0.95860654,1.4555731
2013-07-18T11-26-30.249  -2.8351045,0.92028624,1.8770965
2013-07-18T11-26-30.266  -3.0650263,0.57540345,2.29862
2013-07-18T11-26-30.267  -3.3715887,0.4604425,2.4519012
2013-07-18T11-26-30.283  -3.754792,0.38380188,2.5285418
2013-07-18T11-26-30.284  -3.7164717,0.23052064,2.566862
2013-07-18T11-26-30.304  -3.6015105,0.15388,1.8770965
2013-07-18T11-26-30.306  -3.1033466,-0.30596375,1.07237
2013-07-18T11-26-30.316  -3.2566278,-0.8807684,0.53588563
2013-07-18T11-26-30.329  -3.1033466,-0.9957294,0.7274872
2013-07-18T11-26-30.330  -3.9080732,-0.8424481,1.4172528
2013-07-18T11-26-30.331  -4.7127995,-0.7658075,1.8387762
2013-07-18T11-26-30.335  -4.9427214,-0.61252624,2.0686982
2013-07-18T11-26-30.354  -5.2109637,-0.4209247,2.2219794
2013-07-18T11-26-30.355  -4.1763153,0.38380188,1.8004559
2013-07-18T11-26-30.370  -3.3715887,1.0352472,1.6471747
2013-07-18T11-26-30.371  -2.0303779,1.9549347,1.6471747
2013-07-18T11-26-30.384  -1.1106904,2.3764582,1.9920574
2013-07-18T11-26-30.385  0.23052064,2.9129424,2.7967842
2013-07-18T11-26-30.405  1.5717316,4.062552,4.406237
2013-07-18T11-26-30.408  3.0662239,5.05888,5.6708074
2013-07-18T11-26-30.419  4.560716,6.3617706,7.2802606
2013-07-18T11-26-30.421  6.0935283,7.1281767,9.196277
2013-07-18T11-26-30.435  7.6646614,8.162826,11.035651
2013-07-18T11-26-30.436  9.5423565,9.772279,12.261901
2013-07-18T11-26-30.441  11.956536,10.615325,13.181589
2013-07-18T11-26-30.459  13.451029,10.960208,14.676081
2013-07-18T11-26-30.460  14.102474,10.9985285,16.285534
2013-07-18T11-26-30.464  13.412708,11.19013,17.856667
2013-07-18T11-26-30.472  11.994857,10.462044,19.274519
2013-07-18T11-26-30.488  9.810598,9.389075,19.581081
2013-07-18T11-26-30.489  7.971224,8.239466,19.581081
2013-07-18T11-26-30.505  5.4804034,7.358099,19.581081
2013-07-18T11-26-30.506  3.1045442,6.400091,19.581081
2013-07-18T11-26-30.521  0.92028624,5.212161,19.581081
2013-07-18T11-26-30.522  -0.65084654,3.449427,19.044596
2013-07-18T11-26-30.540  -2.0686982,2.3764582,17.205221
2013-07-18T11-26-30.541  -3.8314326,1.7250128,15.557448
2013-07-18T11-26-30.554  -5.0576825,1.1885284,14.292878
2013-07-18T11-26-30.556  -6.0156903,0.4604425,13.794714
2013-07-18T11-26-30.572  -7.1269794,-0.07604187,13.679752
2013-07-18T11-26-30.573  -7.816745,0.11555969,13.526471
2013-07-18T11-26-30.594  -8.583151,0.23052064,13.33487
2013-07-18T11-26-30.595  -8.851394,0.34548157,12.875027
2013-07-18T11-26-30.596  -8.813073,0.30716124,12.223581
2013-07-18T11-26-30.600  -8.851394,0.42212218,11.380534
2013-07-18T11-26-30.608  -9.004675,0.49876282,10.1542845
2013-07-18T11-26-30.624  -9.272917,0.53708315,8.851394
2013-07-18T11-26-30.628  -9.426198,1.1885284,7.8933854
2013-07-18T11-26-30.650  -9.426198,1.38013,7.1653
2013-07-18T11-26-30.651  -9.541159,1.8782941,6.1689715
2013-07-18T11-26-30.670  -8.966354,2.6830206,5.517526
