2013-07-18T10-04-48.053  -7.356901,8.507709,13.33487
2013-07-18T10-04-48.055  -0.7274872,1.4184504,10.001003
2013-07-18T10-04-48.068  -0.459245,1.6483722,9.69444
2013-07-18T10-04-48.071  -0.26764342,1.7250128,9.962683
2013-07-18T10-04-48.088  -0.22932312,1.8782941,9.69444
2013-07-18T10-04-48.089  -0.459245,1.7633331,10.307566
2013-07-18T10-04-48.106  -0.4975653,1.495091,9.311237
2013-07-18T10-04-48.108  -0.459245,1.6866925,9.579479
2013-07-18T10-04-48.130  -0.459245,1.6483722,10.88237
2013-07-18T10-04-48.132  -0.4209247,1.9166144,8.774753
2013-07-18T10-04-48.134  -0.4975653,1.8782941,10.269245
2013-07-18T10-04-48.136  -0.38260436,1.7250128,10.192604
2013-07-18T10-04-48.159  -0.53588563,1.6483722,9.004675
2013-07-18T10-04-48.161  -0.4209247,1.6866925,10.652448
2013-07-18T10-04-48.162  -0.4975653,1.6100519,9.65612
2013-07-18T10-04-48.174  -0.68916684,1.495091,9.65612
2013-07-18T10-04-48.176  -0.8424481,1.8782941,10.575808
2013-07-18T10-04-48.188  -1.0340496,1.7633331,9.579479
2013-07-18T10-04-48.190  -0.9190887,1.6100519,9.771081
2013-07-18T10-04-48.204  -0.8807684,1.495091,9.886042
2013-07-18T10-04-48.206  -0.8041278,1.1502081,9.196277
2013-07-18T10-04-48.222  -0.8424481,1.1885284,9.464519
2013-07-18T10-04-48.223  -0.7274872,1.5334113,9.464519
2013-07-18T10-04-48.238  -1.1490107,1.265169,9.042995
2013-07-18T10-04-48.240  -1.0340496,1.3034893,9.502839
2013-07-18T10-04-48.256  -1.5322137,1.4184504,9.196277
2013-07-18T10-04-48.257  -1.8770965,1.38013,8.966354
2013-07-18T10-04-48.273  -1.7621356,1.38013,9.464519
2013-07-18T10-04-48.274  -1.7621356,1.495091,9.157956
2013-07-18T10-04-48.290  -1.6088544,1.5334113,8.813073
2013-07-18T10-04-48.291  -1.3406122,1.1502081,8.813073
2013-07-18T10-04-48.307  -1.4172528,1.0735675,8.39155
2013-07-18T10-04-48.309  -1.8004559,1.0735675,8.3532295
2013-07-18T10-04-48.312  -2.1453388,0.69036436,8.6981125
2013-07-18T10-04-48.325  -2.7584639,0.767005,8.774753
2013-07-18T10-04-48.327  -3.3715887,0.57540345,9.004675
2013-07-18T10-04-48.341  -3.9080732,0.4604425,9.042995
2013-07-18T10-04-48.343  -4.597839,0.34548157,8.889713
2013-07-18T10-04-48.360  -5.019362,0.07723938,9.004675
2013-07-18T10-04-48.362  -4.981042,5.987549E-4,8.774753
2013-07-18T10-04-48.375  -4.9044013,-0.30596375,8.276588
2013-07-18T10-04-48.376  -4.8660808,-0.4975653,8.046667
2013-07-18T10-04-48.394  -4.75112,-0.65084654,7.816745
2013-07-18T10-04-48.395  -5.1726437,-0.4975653,7.6634636
2013-07-18T10-04-48.411  -5.6708074,-0.65084654,7.586823
2013-07-18T10-04-48.414  -6.245612,-0.8424481,7.5101824
2013-07-18T10-04-48.427  -6.3222528,-1.2256513,7.356901
2013-07-18T10-04-48.428  -6.858737,-1.6088544,6.820417
2013-07-18T10-04-48.442  -6.7437763,-1.9154168,6.245612
2013-07-18T10-04-48.443  -6.3988934,-2.1453388,5.5941668
2013-07-18T10-04-48.459  -6.0540104,-2.3752606,5.0576825
2013-07-18T10-04-48.460  -5.019362,-2.29862,4.8660808
2013-07-18T10-04-48.464  -4.1763153,-2.413581,4.78944
2013-07-18T10-04-48.476  -2.413581,-2.3752606,4.78944
2013-07-18T10-04-48.479  -0.57420594,-2.2602997,4.9044013
2013-07-18T10-04-48.492  1.9549347,-2.1070185,5.6324873
2013-07-18T10-04-48.495  5.0972004,-1.6471747,7.0503387
2013-07-18T10-04-48.515  9.159153,-1.3789325,9.771081
2013-07-18T10-04-48.517  13.910872,-0.7274872,12.03198
2013-07-18T10-04-48.533  18.70091,0.07723938,14.446159
2013-07-18T10-04-48.534  19.543959,1.0735675,16.898659
2013-07-18T10-04-48.552  19.543959,1.3034893,18.699715
2013-07-18T10-04-48.553  19.543959,1.5717316,19.581081
2013-07-18T10-04-48.566  19.543959,1.993255,19.581081
2013-07-18T10-04-48.568  19.543959,2.1465364,19.581081
2013-07-18T10-04-48.584  19.543959,1.9166144,19.581081
2013-07-18T10-04-48.585  19.543959,0.92028624,19.581081
2013-07-18T10-04-48.596  19.543959,0.19220032,19.581081
2013-07-18T10-04-48.597  19.543959,-1.7238153,19.581081
2013-07-18T10-04-48.611  19.543959,-3.1799872,19.581081
2013-07-18T10-04-48.612  19.543959,-4.252956,19.581081
2013-07-18T10-04-48.617  17.666264,-5.747448,19.581081
2013-07-18T10-04-48.634  13.987513,-7.0503387,19.581081
2013-07-18T10-04-48.635  10.232122,-9.081315,19.581081
2013-07-18T10-04-48.647  6.32345,-10.767409,19.581081
2013-07-18T10-04-48.649  2.491419,-11.6104555,19.581081
2013-07-18T10-04-48.663  -0.9957294,-12.645104,19.54276
2013-07-18T10-04-48.664  -4.2912765,-13.679752,18.39315
2013-07-18T10-04-48.687  -6.705456,-13.794714,16.285534
2013-07-18T10-04-48.689  -8.46819,-13.8330345,14.216237
2013-07-18T10-04-48.690  -10.039323,-13.564792,12.14694
2013-07-18T10-04-48.696  -11.227253,-12.989987,10.384206
2013-07-18T10-04-48.716  -12.03198,-12.185261,8.736432
2013-07-18T10-04-48.718  -12.875027,-11.878698,7.0503387
2013-07-18T10-04-48.732  -13.526471,-11.917019,5.5558467
2013-07-18T10-04-48.733  -13.794714,-12.10862,4.4828777
2013-07-18T10-04-48.747  -15.135924,-12.453503,2.6435027
2013-07-18T10-04-48.748  -17.1669,-11.763737,2.911745
2013-07-18T10-04-48.770  -18.23987,-11.495495,3.294948
2013-07-18T10-04-48.770  -19.389479,-11.380534,3.3715887
2013-07-18T10-04-48.771  -19.581081,-10.844049,2.2219794
2013-07-18T10-04-48.776  -19.581081,-10.652448,0.8807684
2013-07-18T10-04-48.784  -19.581081,-10.460847,0.38260436
2013-07-18T10-04-48.797  -19.351158,-10.269245,-0.57540345
2013-07-18T10-04-48.800  -18.27819,-10.230925,-1.265169
2013-07-18T10-04-48.821  -16.898659,-10.077643,-1.6483722
2013-07-18T10-04-48.823  -15.519128,-9.6178,-1.495091
2013-07-18T10-04-48.846  -14.331198,-9.387877,-1.993255
2013-07-18T10-04-48.848  -12.760065,-9.579479,-1.8399738
2013-07-18T10-04-48.849  -11.342214,-9.541159,-1.8399738
2013-07-18T10-04-48.851  -9.962683,-9.196277,-1.1885284
2013-07-18T10-04-48.873  -8.506511,-10.115964,-0.84364563
2013-07-18T10-04-48.874  -7.356901,-9.387877,-1.265169
2013-07-18T10-04-48.889  -5.364245,-10.345885,-0.69036436
2013-07-18T10-04-48.891  -3.026706,-10.077643,-0.38380188
2013-07-18T10-04-48.906  -0.4209247,-10.039323,0.11436218
2013-07-18T10-04-48.908  2.7979815,-9.886042,0.57420594
2013-07-18T10-04-48.909  6.8216143,-10.115964,1.5322137
2013-07-18T10-04-48.913  11.841576,-9.73276,3.3715887
2013-07-18T10-04-48.921  17.934505,-9.387877,5.6708074
2013-07-18T10-04-48.940  19.543959,-8.813073,8.583151
2013-07-18T10-04-48.942  19.543959,-7.970026,11.572136
2013-07-18T10-04-48.945  19.543959,-6.207292,15.135924
2013-07-18T10-04-48.953  19.543959,-4.8277607,18.929636
2013-07-18T10-04-48.978  19.543959,-3.141667,19.581081
2013-07-18T10-04-48.979  19.543959,-2.3752606,19.581081
2013-07-18T10-04-48.981  19.543959,-1.6088544,19.581081
2013-07-18T10-04-48.985  19.543959,-0.57420594,19.581081
2013-07-18T10-04-49.002  19.543959,-0.68916684,19.581081
2013-07-18T10-04-49.003  19.543959,-1.187331,19.581081
2013-07-18T10-04-49.021  19.543959,-2.2219794,19.581081
2013-07-18T10-04-49.024  19.543959,-3.9080732,19.581081
2013-07-18T10-04-49.037  19.543959,-5.2876043,19.581081
2013-07-18T10-04-49.038  19.543959,-6.590495,19.46612
2013-07-18T10-04-49.052  17.206419,-8.123307,17.933308
2013-07-18T10-04-49.053  13.489348,-9.65612,15.6340885
2013-07-18T10-04-49.074  9.580677,-10.959011,13.947995
2013-07-18T10-04-49.075  6.3617706,-11.188932,12.261901
2013-07-18T10-04-49.076  3.219505,-11.878698,11.380534
2013-07-18T10-04-49.092  0.07723938,-12.0703,9.8094015
2013-07-18T10-04-49.093  -2.3369403,-11.725417,8.506511
2013-07-18T10-04-49.105  -4.78944,-11.418855,7.0886593
2013-07-18T10-04-49.106  -6.8970575,-10.805729,6.092331
2013-07-18T10-04-49.126  -8.851394,-10.575808,5.0960026
2013-07-18T10-04-49.128  -10.805729,-10.537487,4.4445577
2013-07-18T10-04-49.130  -12.875027,-10.537487,4.367917
2013-07-18T10-04-49.137  -15.059284,-9.579479,4.2912765
2013-07-18T10-04-49.157  -17.243542,-8.813073,4.636159
2013-07-18T10-04-49.159  -18.623074,-8.084988,5.019362
2013-07-18T10-04-49.172  -19.159557,-6.973698,4.636159
2013-07-18T10-04-49.174  -18.584753,-6.3222528,3.869753
2013-07-18T10-04-49.198  -17.511784,-5.97737,2.8351045
2013-07-18T10-04-49.199  -16.093933,-5.325925,1.5322137
2013-07-18T10-04-49.201  -14.714401,-5.2876043,0.8041278
2013-07-18T10-04-49.202  -13.794714,-5.019362,0.4209247
2013-07-18T10-04-49.222  -13.37319,-4.636159,0.8424481
2013-07-18T10-04-49.224  -13.181589,-4.5211983,1.2256513
2013-07-18T10-04-49.227  -13.028308,-4.1763153,0.8807684
2013-07-18T10-04-49.240  -11.495495,-4.214636,1.4172528
2013-07-18T10-04-49.242  -11.917019,-4.7127995,0.03772156
2013-07-18T10-04-49.258  -10.115964,-4.367917,-0.42212218
2013-07-18T10-04-49.260  -8.46819,-4.78944,-0.92028624
2013-07-18T10-04-49.272  -6.5521746,-4.6744795,-1.1502081
2013-07-18T10-04-49.274  -4.5211983,-4.597839,-1.6483722
2013-07-18T10-04-49.289  -2.3369403,-4.9044013,-1.9549347
2013-07-18T10-04-49.290  -0.1526825,-5.2876043,-1.7633331
2013-07-18T10-04-49.308  2.8363018,-5.0960026,-0.53708315
2013-07-18T10-04-49.309  6.32345,-4.6744795,1.2639716
2013-07-18T10-04-49.327  10.270443,-3.9463935,3.4865496
2013-07-18T10-04-49.329  14.86888,-3.9463935,6.0156903
2013-07-18T10-04-49.347  19.237396,-3.5631902,7.931706
2013-07-18T10-04-49.348  19.543959,-3.026706,9.579479
2013-07-18T10-04-49.349  19.543959,-1.8387762,11.380534
2013-07-18T10-04-49.354  19.543959,-0.8424481,14.024635
2013-07-18T10-04-49.377  19.543959,0.42212218,17.818346
2013-07-18T10-04-49.379  19.543959,1.3418097,19.581081
2013-07-18T10-04-49.380  19.543959,1.4184504,19.581081
2013-07-18T10-04-49.394  19.543959,0.84364563,19.581081
2013-07-18T10-04-49.396  19.543959,-0.4975653,19.581081
2013-07-18T10-04-49.408  19.543959,-2.0686982,19.581081
2013-07-18T10-04-49.411  19.543959,-3.6398308,19.581081
2013-07-18T10-04-49.424  19.428997,-5.2492843,19.581081
2013-07-18T10-04-49.427  15.673607,-6.9353776,19.581081
2013-07-18T10-04-49.441  10.960208,-8.774753,19.581081
2013-07-18T10-04-49.443  6.0935283,-10.115964,19.581081
2013-07-18T10-04-49.460  1.265169,-11.418855,19.581081
2013-07-18T10-04-49.462  -3.6781511,-11.457174,19.581081
2013-07-18T10-04-49.477  -7.356901,-11.6104555,19.581081
2013-07-18T10-04-49.478  -10.652448,-11.342214,19.581081
2013-07-18T10-04-49.492  -13.37319,-10.345885,19.581081
2013-07-18T10-04-49.494  -15.71073,-9.886042,19.581081
2013-07-18T10-04-49.513  -17.741707,-9.272917,19.581081
2013-07-18T10-04-49.514  -18.584753,-8.813073,19.159557
2013-07-18T10-04-49.527  -19.006277,-8.813073,17.090261
2013-07-18T10-04-49.528  -19.082916,-8.39155,15.135924
2013-07-18T10-04-49.531  -19.159557,-8.46819,13.641433
2013-07-18T10-04-49.548  -19.31284,-8.046667,12.223581
2013-07-18T10-04-49.549  -19.4278,-8.199948,11.227253
2013-07-18T10-04-49.567  -19.581081,-8.238269,10.039323
2013-07-18T10-04-49.568  -19.274519,-8.084988,8.966354
2013-07-18T10-04-49.571  -19.274519,-8.314909,8.774753
2013-07-18T10-04-49.579  -19.044596,-8.046667,8.046667
2013-07-18T10-04-49.596  -18.316511,-7.586823,7.6634636
2013-07-18T10-04-49.597  -16.783699,-7.701784,7.433542
2013-07-18T10-04-49.617  -15.020964,-7.548503,7.0886593
2013-07-18T10-04-49.618  -13.718073,-7.740104,5.97737
2013-07-18T10-04-49.623  -12.261901,-7.4718623,5.747448
2013-07-18T10-04-49.627  -10.460847,-7.701784,5.9390497
2013-07-18T10-04-49.647  -9.004675,-8.123307,5.5941668
2013-07-18T10-04-49.648  -7.318581,-8.506511,4.9044013
2013-07-18T10-04-49.663  -6.092331,-9.157956,4.4445577
2013-07-18T10-04-49.665  -3.9080732,-9.847721,3.52487
2013-07-18T10-04-49.686  -2.2602997,-10.422526,1.8004559
2013-07-18T10-04-49.688  -0.4209247,-10.767409,0.1526825
2013-07-18T10-04-49.689  0.8053253,-10.767409,-0.84364563
2013-07-18T10-04-49.692  1.6866925,-11.073972,-1.265169
2013-07-18T10-04-49.700  2.7979815,-11.150612,-1.3418097
2013-07-18T10-04-49.720  3.8709502,-11.342214,-1.5334113
2013-07-18T10-04-49.721  5.4420834,-11.533815,-1.9549347
2013-07-18T10-04-49.724  7.051536,-11.495495,-2.4147785
2013-07-18T10-04-49.732  9.389075,-11.457174,-2.5680597
2013-07-18T10-04-49.754  11.956536,-11.150612,-2.1848567
2013-07-18T10-04-49.756  15.175443,-10.805729,-1.8399738
2013-07-18T10-04-49.757  18.54763,-10.077643,-1.7633331
2013-07-18T10-04-49.764  19.543959,-9.579479,-1.6100519
2013-07-18T10-04-49.783  19.543959,-8.314909,-1.2268487
2013-07-18T10-04-49.784  19.543959,-7.356901,-0.57540345
2013-07-18T10-04-49.799  19.543959,-6.705456,0.03772156
2013-07-18T10-04-49.801  19.543959,-5.862409,0.68916684
2013-07-18T10-04-49.815  19.543959,-4.78944,1.3789325
2013-07-18T10-04-49.817  19.543959,-4.597839,1.3022919
2013-07-18T10-04-49.832  19.543959,-4.367917,0.9957294
2013-07-18T10-04-49.834  19.543959,-4.8277607,0.8807684
2013-07-18T10-04-49.838  19.543959,-5.325925,0.9957294
2013-07-18T10-04-49.853  19.543959,-5.862409,2.29862
2013-07-18T10-04-49.855  19.543959,-6.705456,3.6015105
2013-07-18T10-04-49.867  19.543959,-7.8933854,5.325925
2013-07-18T10-04-49.868  19.543959,-9.119636,7.1653
2013-07-18T10-04-49.882  19.543959,-10.345885,8.928034
2013-07-18T10-04-49.884  19.543959,-11.9553385,10.077643
2013-07-18T10-04-49.903  19.543959,-12.913346,11.150612
2013-07-18T10-04-49.905  17.24474,-13.33487,12.0703
2013-07-18T10-04-49.923  14.447356,-13.794714,13.104948
2013-07-18T10-04-49.925  11.649974,-14.254558,14.177917
2013-07-18T10-04-49.927  9.197474,-14.982643,15.135924
2013-07-18T10-04-49.933  6.859935,-15.6340885,16.400496
2013-07-18T10-04-49.959  4.7139974,-16.017292,17.856667
2013-07-18T10-04-49.960  2.1848567,-15.9789715,19.31284
2013-07-18T10-04-49.962  -0.38260436,-15.902331,19.581081
2013-07-18T10-04-49.965  -2.9883857,-15.519128,19.581081
2013-07-18T10-04-49.984  -5.364245,-14.944324,19.581081
2013-07-18T10-04-49.986  -7.20362,-14.254558,19.581081
2013-07-18T10-04-49.990  -8.506511,-13.33487,19.581081
2013-07-18T10-04-50.003  -9.69444,-11.878698,19.581081
2013-07-18T10-04-50.005  -10.192604,-9.73276,19.581081
2013-07-18T10-04-50.019  -10.422526,-8.314909,19.581081
2013-07-18T10-04-50.021  -10.690768,-6.973698,19.389479
2013-07-18T10-04-50.035  -10.690768,-5.6708074,18.163229
2013-07-18T10-04-50.037  -11.073972,-4.597839,17.243542
2013-07-18T10-04-50.052  -11.150612,-3.141667,17.473463
2013-07-18T10-04-50.053  -11.342214,-2.413581,16.783699
2013-07-18T10-04-50.071  -11.648776,-1.3022919,17.320183
2013-07-18T10-04-50.072  -11.457174,-0.68916684,16.93698
2013-07-18T10-04-50.086  -10.920691,-0.4209247,16.017292
2013-07-18T10-04-50.087  -10.614128,-0.07604187,14.5227995
2013-07-18T10-04-50.106  -10.115964,-0.03772156,13.909675
2013-07-18T10-04-50.107  -9.541159,0.26884094,13.219909
2013-07-18T10-04-50.120  -9.119636,0.42212218,12.530144
2013-07-18T10-04-50.122  -8.659792,0.69036436,11.9553385
2013-07-18T10-04-50.137  -8.084988,0.53708315,11.533815
2013-07-18T10-04-50.138  -7.20362,0.767005,11.150612
2013-07-18T10-04-50.142  -6.590495,0.84364563,10.422526
2013-07-18T10-04-50.154  -6.0156903,0.4604425,9.771081
2013-07-18T10-04-50.157  -5.2492843,0.57540345,9.311237
2013-07-18T10-04-50.171  -4.636159,0.57540345,9.042995
2013-07-18T10-04-50.174  -3.9463935,0.84364563,8.928034
2013-07-18T10-04-50.188  -3.3715887,0.53708315,8.736432
2013-07-18T10-04-50.190  -2.9500654,0.72868466,8.851394
2013-07-18T10-04-50.205  -2.4519012,0.88196594,8.6981125
2013-07-18T10-04-50.207  -1.8004559,0.767005,8.506511
2013-07-18T10-04-50.222  -1.2256513,0.72868466,8.583151
2013-07-18T10-04-50.223  -0.61252624,0.65204406,8.3532295
