2013-07-18T11-28-29.689  -1.4938934,9.772279,-4.828958
2013-07-18T11-28-29.691  -19.581081,-16.93698,-4.828958
2013-07-18T11-28-29.699  -19.581081,-16.362175,-4.675677
2013-07-18T11-28-29.724  -19.581081,-16.017292,-4.7523174
2013-07-18T11-28-29.725  -19.581081,-15.519128,-4.445755
2013-07-18T11-28-29.727  -19.581081,-15.250886,-5.2504816
2013-07-18T11-28-29.731  -19.581081,-15.059284,-5.9785676
2013-07-18T11-28-29.755  -19.581081,-14.752722,-8.392747
2013-07-18T11-28-29.760  -19.581081,-14.676081,-6.630013
2013-07-18T11-28-29.784  -19.581081,-14.676081,-6.32345
2013-07-18T11-28-29.786  -19.581081,-15.212565,-7.243138
2013-07-18T11-28-29.789  -18.699715,-16.132254,-4.7523174
2013-07-18T11-28-29.791  -16.093933,-17.396824,-4.4074345
2013-07-18T11-28-29.792  -13.947995,-17.818346,-3.5260675
2013-07-18T11-28-29.812  -11.457174,-18.967957,-1.38013
2013-07-18T11-28-29.813  -8.506511,-19.46612,-1.5334113
2013-07-18T11-28-29.815  -5.4408855,-19.581081,-0.65204406
2013-07-18T11-28-29.819  -2.4519012,-19.581081,0.4975653
2013-07-18T11-28-29.835  1.1502081,-19.581081,1.1490107
2013-07-18T11-28-29.836  5.0972004,-19.082916,3.9463935
2013-07-18T11-28-29.856  8.967552,-18.661394,6.3222528
2013-07-18T11-28-29.859  12.952865,-19.044596,8.3532295
2013-07-18T11-28-29.860  17.206419,-19.54276,10.537487
2013-07-18T11-28-29.867  19.543959,-19.581081,11.687097
2013-07-18T11-28-29.884  19.543959,-19.581081,12.300221
2013-07-18T11-28-29.885  19.543959,-19.274519,13.143269
2013-07-18T11-28-29.907  19.543959,-17.856667,12.989987
2013-07-18T11-28-29.909  19.543959,-16.247213,12.913346
2013-07-18T11-28-29.924  19.543959,-15.250886,12.683425
2013-07-18T11-28-29.925  19.543959,-14.216237,12.10862
2013-07-18T11-28-29.938  19.543959,-14.101276,12.645104
2013-07-18T11-28-29.941  19.543959,-14.331198,13.0666275
2013-07-18T11-28-29.942  19.543959,-14.024635,13.219909
2013-07-18T11-28-29.956  19.543959,-13.37319,13.679752
2013-07-18T11-28-29.958  19.543959,-12.491823,13.449831
2013-07-18T11-28-29.976  19.543959,-12.0703,12.875027
2013-07-18T11-28-29.977  19.543959,-11.457174,12.645104
2013-07-18T11-28-29.979  19.543959,-11.112292,12.14694
2013-07-18T11-28-29.987  19.543959,-10.690768,11.9553385
2013-07-18T11-28-30.004  19.543959,-10.844049,11.687097
2013-07-18T11-28-30.005  19.543959,-11.227253,11.6104555
2013-07-18T11-28-30.023  19.543959,-12.185261,11.418855
2013-07-18T11-28-30.024  19.543959,-13.488152,11.418855
2013-07-18T11-28-30.042  19.390676,-14.062956,11.227253
2013-07-18T11-28-30.044  16.708256,-14.752722,11.303893
2013-07-18T11-28-30.045  13.719271,-14.63776,10.729089
2013-07-18T11-28-30.051  11.688294,-14.062956,10.384206
2013-07-18T11-28-30.073  10.691966,-13.564792,9.69444
2013-07-18T11-28-30.075  10.193802,-12.989987,9.311237
2013-07-18T11-28-30.095  9.618998,-12.606784,7.6251435
2013-07-18T11-28-30.096  8.967552,-13.449831,6.973698
2013-07-18T11-28-30.097  7.051536,-14.599441,6.628815
2013-07-18T11-28-30.100  4.3691144,-14.5227995,6.628815
2013-07-18T11-28-30.108  1.6483722,-15.365847,5.8240886
2013-07-18T11-28-30.127  -0.9574091,-15.595768,5.1726437
2013-07-18T11-28-30.128  -3.4865496,-14.484479,4.4445577
2013-07-18T11-28-30.132  -4.8660808,-13.909675,3.409909
2013-07-18T11-28-30.140  -5.8240886,-13.028308,1.7238153
2013-07-18T11-28-30.155  -6.3605733,-12.721745,-5.987549E-4
2013-07-18T11-28-30.156  -6.590495,-12.491823,-1.265169
2013-07-18T11-28-30.175  -6.820417,-12.10862,-2.3381379
2013-07-18T11-28-30.176  -7.931706,-12.14694,-2.6830206
2013-07-18T11-28-30.192  -9.924362,-12.606784,-2.721341
2013-07-18T11-28-30.193  -12.185261,-13.028308,-2.223177
2013-07-18T11-28-30.207  -15.365847,-12.491823,-0.88196594
2013-07-18T11-28-30.209  -18.699715,-10.690768,0.7658075
2013-07-18T11-28-30.227  -19.54276,-9.387877,1.7238153
2013-07-18T11-28-30.229  -19.581081,-7.6251435,1.8770965
2013-07-18T11-28-30.230  -19.581081,-7.318581,1.4172528
2013-07-18T11-28-30.242  -19.581081,-7.7784247,-0.4604425
2013-07-18T11-28-30.244  -19.54276,-8.199948,-2.6830206
2013-07-18T11-28-30.260  -19.236198,-7.6634636,-3.6793487
2013-07-18T11-28-30.262  -19.121237,-8.008347,-3.3727863
2013-07-18T11-28-30.274  -19.389479,-7.970026,-2.0698957
2013-07-18T11-28-30.276  -19.46612,-7.816745,-0.53708315
2013-07-18T11-28-30.294  -19.54276,-7.8933854,0.34428406
2013-07-18T11-28-30.296  -17.971628,-8.6981125,-0.07723938
2013-07-18T11-28-30.310  -15.212565,-9.6178,-0.8053253
2013-07-18T11-28-30.311  -11.687097,-10.614128,-1.8016534
2013-07-18T11-28-30.327  -8.42987,-10.997331,-2.9512627
2013-07-18T11-28-30.329  -5.019362,-10.729089,-3.0279036
2013-07-18T11-28-30.345  -1.8770965,-10.384206,-2.989583
2013-07-18T11-28-30.347  2.3381379,-9.272917,-0.84364563
2013-07-18T11-28-30.363  6.3617706,-6.7437763,1.6471747
2013-07-18T11-28-30.365  9.197474,-5.0576825,2.8734248
2013-07-18T11-28-30.381  11.879895,-4.75112,5.5941668
2013-07-18T11-28-30.386  13.795911,-3.6781511,8.6981125
2013-07-18T11-28-30.405  16.669935,-3.141667,10.345885
2013-07-18T11-28-30.406  19.467318,-3.9080732,11.303893
2013-07-18T11-28-30.407  19.543959,-3.3332684,12.03198
2013-07-18T11-28-30.408  19.543959,-2.0303779,12.683425
2013-07-18T11-28-30.413  19.543959,-0.61252624,13.219909
2013-07-18T11-28-30.429  19.543959,0.9969269,12.798386
2013-07-18T11-28-30.430  19.543959,2.3764582,11.993659
2013-07-18T11-28-30.444  19.543959,2.6830206,11.303893
2013-07-18T11-28-30.445  19.543959,2.6447003,10.959011
2013-07-18T11-28-30.461  19.543959,2.108216,11.495495
2013-07-18T11-28-30.463  19.543959,1.5717316,11.342214
2013-07-18T11-28-30.481  19.543959,1.265169,11.648776
2013-07-18T11-28-30.485  19.543959,-0.26764342,11.495495
2013-07-18T11-28-30.497  19.543959,-1.2639716,11.725417
2013-07-18T11-28-30.498  19.122435,-2.2602997,11.993659
2013-07-18T11-28-30.515  15.826888,-2.7967842,12.913346
2013-07-18T11-28-30.519  11.994857,-3.8314326,12.721745
2013-07-18T11-28-30.535  8.469388,-4.5211983,12.989987
2013-07-18T11-28-30.541  5.0972004,-5.364245,13.718073
2013-07-18T11-28-30.543  1.3418097,-6.245612,13.986316
2013-07-18T11-28-30.544  -2.0303779,-6.7820964,14.676081
2013-07-18T11-28-30.551  -5.364245,-6.705456,15.327526
2013-07-18T11-28-30.569  -7.970026,-6.628815,15.71073
2013-07-18T11-28-30.570  -9.962683,-5.517526,15.289206
2013-07-18T11-28-30.586  -11.188932,-4.8660808,14.5227995
2013-07-18T11-28-30.587  -11.725417,-4.3295965,13.641433
2013-07-18T11-28-30.589  -11.9553385,-3.2183075,12.606784
2013-07-18T11-28-30.597  -12.0703,-2.3752606,11.572136
2013-07-18T11-28-30.623  -11.917019,-1.2639716,10.384206
2013-07-18T11-28-30.625  -11.802057,-0.53588563,9.886042
2013-07-18T11-28-30.626  -11.227253,0.03891907,9.65612
2013-07-18T11-28-30.629  -10.652448,0.42212218,9.502839
2013-07-18T11-28-30.648  -10.230925,0.84364563,9.081315
2013-07-18T11-28-30.650  -9.6178,0.9969269,8.506511
2013-07-18T11-28-30.665  -9.196277,1.0735675,7.970026
2013-07-18T11-28-30.667  -7.8933854,1.2268487,6.858737
