2013-07-18T09-08-29.661  -2.0686982,12.761263,-16.05681
2013-07-18T09-08-29.664  -1.07237,4.828958,9.349558
2013-07-18T09-08-29.666  -1.2639716,4.599036,9.6178
2013-07-18T09-08-29.671  -1.2639716,4.943919,9.771081
2013-07-18T09-08-29.692  -1.5705341,4.828958,9.924362
2013-07-18T09-08-29.695  -1.5322137,4.7139974,10.269245
2013-07-18T09-08-29.709  -1.7238153,4.7139974,9.541159
2013-07-18T09-08-29.711  -1.3406122,4.828958,9.541159
2013-07-18T09-08-29.713  -1.3406122,4.560716,10.575808
2013-07-18T09-08-29.719  -1.3406122,4.6373568,8.314909
2013-07-18T09-08-29.744  -1.3022919,4.5223956,10.269245
2013-07-18T09-08-29.746  -1.2256513,4.5223956,10.039323
2013-07-18T09-08-29.748  -1.4938934,4.4074345,8.928034
2013-07-18T09-08-29.752  -1.6471747,3.7559893,10.575808
2013-07-18T09-08-29.759  -2.0686982,3.9092705,9.464519
2013-07-18T09-08-29.778  -2.6051824,4.100872,9.311237
2013-07-18T09-08-29.780  -2.7584639,4.1391926,10.575808
2013-07-18T09-08-29.784  -2.681823,3.9475908,9.502839
2013-07-18T09-08-29.791  -2.681823,4.062552,10.460847
2013-07-18T09-08-29.806  -2.1453388,3.83263,10.652448
2013-07-18T09-08-29.807  -1.8387762,3.7943096,10.077643
2013-07-18T09-08-29.822  -1.3789325,3.602708,10.460847
2013-07-18T09-08-29.824  -1.1106904,3.6410284,10.001003
2013-07-18T09-08-29.841  -1.07237,3.5643878,9.426198
2013-07-18T09-08-29.843  -1.1106904,3.1811848,9.6178
2013-07-18T09-08-29.860  -1.187331,3.1428645,9.119636
2013-07-18T09-08-29.862  -1.3789325,3.1428645,9.272917
2013-07-18T09-08-29.878  -1.1490107,3.1428645,9.579479
2013-07-18T09-08-29.880  -0.68916684,3.219505,9.464519
2013-07-18T09-08-29.892  -0.53588563,3.6410284,9.73276
2013-07-18T09-08-29.893  -0.1526825,3.717669,9.924362
2013-07-18T09-08-29.908  0.07723938,3.9475908,9.69444
2013-07-18T09-08-29.909  0.42212218,4.062552,9.69444
2013-07-18T09-08-29.914  0.4604425,4.1775126,9.771081
2013-07-18T09-08-29.927  0.49876282,4.445755,9.464519
2013-07-18T09-08-29.930  0.4604425,4.5223956,9.541159
2013-07-18T09-08-29.949  0.65204406,4.675677,9.8094015
2013-07-18T09-08-29.950  0.72868466,4.790638,10.1542845
2013-07-18T09-08-29.952  0.8053253,4.790638,10.537487
2013-07-18T09-08-29.960  0.8053253,4.599036,10.652448
2013-07-18T09-08-29.981  0.84364563,4.675677,10.460847
2013-07-18T09-08-29.983  0.9969269,4.7523174,10.307566
2013-07-18T09-08-29.996  0.95860654,4.7139974,9.847721
2013-07-18T09-08-29.998  0.88196594,4.599036,9.771081
2013-07-18T09-08-30.011  0.72868466,4.560716,9.426198
2013-07-18T09-08-30.013  0.42212218,4.6373568,9.311237
2013-07-18T09-08-30.026  0.07723938,4.6373568,9.69444
2013-07-18T09-08-30.028  -0.1910028,4.560716,9.924362
2013-07-18T09-08-30.043  -0.38260436,4.445755,10.077643
2013-07-18T09-08-30.045  -0.61252624,4.599036,10.115964
2013-07-18T09-08-30.060  -0.7658075,4.6373568,9.962683
2013-07-18T09-08-30.062  -0.8041278,4.599036,9.69444
2013-07-18T09-08-30.077  -1.1106904,4.675677,9.502839
2013-07-18T09-08-30.079  -1.4938934,4.560716,9.464519
2013-07-18T09-08-30.081  -1.5705341,4.3691144,9.579479
2013-07-18T09-08-30.098  -1.5322137,4.4074345,9.65612
2013-07-18T09-08-30.099  -1.3406122,4.5223956,9.847721
2013-07-18T09-08-30.111  -1.3022919,4.4840755,10.039323
2013-07-18T09-08-30.112  -1.4938934,4.599036,10.1542845
2013-07-18T09-08-30.129  -1.3022919,4.215833,10.269245
2013-07-18T09-08-30.131  -1.3406122,4.3691144,10.1542845
2013-07-18T09-08-30.144  -1.3789325,4.9822392,11.112292
2013-07-18T09-08-30.146  -2.8734248,5.3654423,6.1689715
2013-07-18T09-08-30.163  -2.0686982,4.292474,5.862409
2013-07-18T09-08-30.165  -1.4172528,2.6830206,7.6634636
2013-07-18T09-08-30.181  -1.3789325,2.6830206,10.422526
2013-07-18T09-08-30.182  -0.9574091,3.6793487,15.78737
2013-07-18T09-08-30.210  -0.9190887,4.5223956,17.703386
2013-07-18T09-08-30.211  -1.3022919,4.100872,13.8330345
2013-07-18T09-08-30.227  -1.8387762,3.83263,11.150612
2013-07-18T09-08-30.228  -1.8004559,3.717669,9.426198
2013-07-18T09-08-30.229  -1.7238153,3.602708,8.046667
2013-07-18T09-08-30.231  -1.3789325,3.0662239,6.820417
2013-07-18T09-08-30.233  -0.8041278,3.1811848,7.2419405
2013-07-18T09-08-30.249  -0.459245,3.1045442,7.931706
2013-07-18T09-08-30.251  -0.53588563,3.2578254,8.506511
2013-07-18T09-08-30.265  -0.4209247,3.1811848,8.966354
2013-07-18T09-08-30.267  -0.9957294,2.8363018,9.464519
2013-07-18T09-08-30.280  -0.9190887,2.9129424,9.6178
2013-07-18T09-08-30.281  -0.9190887,3.219505,9.579479
2013-07-18T09-08-30.297  -0.7274872,3.219505,9.6178
2013-07-18T09-08-30.298  -0.8807684,2.4530988,9.272917
2013-07-18T09-08-30.314  -1.1106904,2.874622,8.813073
2013-07-18T09-08-30.315  -1.5705341,2.9512627,8.199948
2013-07-18T09-08-30.334  -1.9537371,2.8363018,8.161628
2013-07-18T09-08-30.335  -1.8004559,3.4877472,7.970026
2013-07-18T09-08-30.350  -1.7238153,3.7559893,7.4718623
2013-07-18T09-08-30.351  -1.7621356,3.6793487,7.2802606
2013-07-18T09-08-30.365  -1.9154168,3.334466,7.356901
2013-07-18T09-08-30.366  -1.7238153,3.4111066,7.20362
2013-07-18T09-08-30.370  -1.7621356,3.6793487,7.2419405
2013-07-18T09-08-30.381  -1.5322137,3.9475908,6.820417
2013-07-18T09-08-30.385  -1.5705341,3.9859114,6.628815
2013-07-18T09-08-30.398  -1.4938934,3.9859114,6.7820964
2013-07-18T09-08-30.402  -1.3789325,3.9859114,6.475534
2013-07-18T09-08-30.415  -1.187331,4.292474,6.3222528
2013-07-18T09-08-30.417  -1.187331,4.292474,6.0156903
2013-07-18T09-08-30.432  -1.07237,4.330794,6.207292
2013-07-18T09-08-30.433  -0.8807684,4.599036,6.245612
2013-07-18T09-08-30.449  -0.7274872,4.4074345,6.092331
2013-07-18T09-08-30.450  -0.07604187,4.599036,6.0540104
2013-07-18T09-08-30.468  -0.11436218,5.02056,6.207292
2013-07-18T09-08-30.469  -0.1526825,4.828958,6.5521746
2013-07-18T09-08-30.486  -0.22932312,5.2888017,6.7820964
2013-07-18T09-08-30.488  -0.459245,5.2504816,7.0886593
2013-07-18T09-08-30.500  -0.4209247,5.327122,7.5101824
2013-07-18T09-08-30.501  -0.38260436,5.518724,7.5101824
2013-07-18T09-08-30.523  -0.07604187,5.2504816,7.970026
2013-07-18T09-08-30.525  0.23052064,5.1355205,7.6251435
2013-07-18T09-08-30.526  0.69036436,5.403763,7.6634636
2013-07-18T09-08-30.530  0.95860654,5.4804034,7.816745
2013-07-18T09-08-30.538  1.0735675,5.5953646,7.970026
2013-07-18T09-08-30.551  1.1885284,5.940247,8.199948
2013-07-18T09-08-30.554  0.95860654,6.2084894,8.123307
2013-07-18T09-08-30.572  0.88196594,6.5916924,8.008347
2013-07-18T09-08-30.574  0.767005,6.7066536,8.046667
2013-07-18T09-08-30.586  1.0735675,6.783294,8.238269
2013-07-18T09-08-30.588  1.495091,6.859935,8.39155
2013-07-18T09-08-30.602  1.8782941,7.0898566,8.813073
2013-07-18T09-08-30.603  2.7596612,7.6646614,8.851394
2013-07-18T09-08-30.622  3.3727863,8.047864,9.119636
2013-07-18T09-08-30.624  3.2961457,8.316107,8.583151
2013-07-18T09-08-30.640  3.3727863,8.967552,8.42987
2013-07-18T09-08-30.642  3.2961457,8.967552,8.506511
2013-07-18T09-08-30.654  3.1045442,8.967552,8.736432
2013-07-18T09-08-30.655  3.334466,9.465716,9.119636
2013-07-18T09-08-30.670  3.4111066,9.887239,9.847721
2013-07-18T09-08-30.671  4.215833,10.232122,10.269245
2013-07-18T09-08-30.675  4.790638,10.615325,10.345885
2013-07-18T09-08-30.694  5.5953646,11.113489,10.422526
2013-07-18T09-08-30.695  6.28513,11.764935,10.614128
2013-07-18T09-08-30.698  6.630013,12.186459,11.112292
2013-07-18T09-08-30.706  6.8216143,12.148138,11.993659
2013-07-18T09-08-30.726  6.476732,12.186459,12.836706
2013-07-18T09-08-30.727  5.901927,12.224778,13.8330345
2013-07-18T09-08-30.742  4.9055986,12.148138,14.216237
2013-07-18T09-08-30.744  4.330794,12.4547,14.714401
2013-07-18T09-08-30.763  3.4877472,12.722942,15.480807
2013-07-18T09-08-30.764  3.0662239,12.761263,16.093933
2013-07-18T09-08-30.765  3.2961457,12.607982,16.592096
2013-07-18T09-08-30.771  3.6410284,12.607982,16.707058
2013-07-18T09-08-30.790  4.215833,12.148138,16.323854
2013-07-18T09-08-30.792  4.790638,11.420052,15.365847
2013-07-18T09-08-30.812  5.4804034,10.615325,14.062956
2013-07-18T09-08-30.813  5.557044,10.500364,13.181589
2013-07-18T09-08-30.814  5.672005,10.423724,12.721745
2013-07-18T09-08-30.819  5.2888017,9.618998,12.645104
2013-07-18T09-08-30.827  4.445755,9.005872,12.798386
2013-07-18T09-08-30.846  3.4111066,8.201145,13.37319
2013-07-18T09-08-30.847  2.5680597,7.358099,13.37319
2013-07-18T09-08-30.851  2.2614973,6.2468095,13.33487
2013-07-18T09-08-30.859  2.3764582,4.8672786,12.645104
2013-07-18T09-08-30.879  2.3764582,3.7559893,11.993659
2013-07-18T09-08-30.880  1.7250128,2.721341,11.342214
2013-07-18T09-08-30.883  1.2268487,2.0315752,10.844049
2013-07-18T09-08-30.891  0.4604425,0.88196594,10.4991665
2013-07-18T09-08-30.905  -0.34428406,5.987549E-4,10.307566
2013-07-18T09-08-30.907  -0.8424481,-0.57420594,9.847721
2013-07-18T09-08-30.929  -0.9957294,-1.5705341,9.042995
2013-07-18T09-08-30.931  -1.3406122,-2.911745,7.6634636
2013-07-18T09-08-30.949  -1.6088544,-4.061354,6.092331
2013-07-18T09-08-30.950  -2.2219794,-4.3295965,4.7127995
2013-07-18T09-08-30.967  -2.3369403,-4.78944,3.409909
2013-07-18T09-08-30.968  -2.29862,-5.2492843,2.3369403
2013-07-18T09-08-30.978  -2.3369403,-5.2109637,1.3022919
2013-07-18T09-08-30.988  -2.413581,-5.325925,0.1910028
2013-07-18T09-08-30.989  -1.8387762,-5.7857685,-1.3034893
2013-07-18T09-08-31.007  -1.8387762,-6.475534,-2.2614973
2013-07-18T09-08-31.009  -1.685495,-6.7820964,-3.0662239
2013-07-18T09-08-31.010  -1.9920574,-7.3952217,-4.330794
2013-07-18T09-08-31.012  -2.6435027,-8.621471,-5.8636065
2013-07-18T09-08-31.030  -4.137995,-9.464519,-7.1281767
2013-07-18T09-08-31.032  -5.4408855,-9.502839,-8.392747
2013-07-18T09-08-31.049  -6.9353776,-9.73276,-9.159153
2013-07-18T09-08-31.050  -7.931706,-10.115964,-9.580677
2013-07-18T09-08-31.052  -8.928034,-9.6178,-9.96388
2013-07-18T09-08-31.060  -9.6178,-9.65612,-9.5423565
2013-07-18T09-08-31.080  -10.460847,-10.307566,-10.538685
2013-07-18T09-08-31.082  -10.729089,-10.614128,-10.691966
2013-07-18T09-08-31.101  -10.230925,-10.230925,-9.274115
2013-07-18T09-08-31.103  -8.544831,-10.920691,-8.814271
2013-07-18T09-08-31.104  -7.3952217,-11.457174,-8.0861845
2013-07-18T09-08-31.108  -7.1269794,-11.572136,-7.8179426
2013-07-18T09-08-31.127  -6.7437763,-11.993659,-8.316107
2013-07-18T09-08-31.129  -6.7437763,-12.491823,-8.009544
2013-07-18T09-08-31.132  -6.973698,-11.572136,-7.281458
2013-07-18T09-08-31.148  -5.9390497,-10.4991665,-5.518724
2013-07-18T09-08-31.149  -3.7931123,-10.039323,-4.8672786
2013-07-18T09-08-31.162  -0.459245,-9.771081,-4.599036
2013-07-18T09-08-31.164  3.1428645,-8.161628,-5.05888
2013-07-18T09-08-31.181  6.131849,-7.0886593,-5.901927
2013-07-18T09-08-31.185  9.082513,-6.1689715,-6.5533724
2013-07-18T09-08-31.205  12.607982,-4.4445577,-6.32345
2013-07-18T09-08-31.206  17.704582,-4.023034,-4.943919
2013-07-18T09-08-31.208  19.543959,-4.0996747,-4.100872
2013-07-18T09-08-31.212  19.543959,-2.7967842,-3.1045442
2013-07-18T09-08-31.232  19.543959,-2.29862,-3.2961457
2013-07-18T09-08-31.234  19.543959,-2.9883857,-3.1045442
2013-07-18T09-08-31.249  19.543959,-2.183659,-3.1428645
2013-07-18T09-08-31.250  19.543959,-0.8041278,-2.1465364
2013-07-18T09-08-31.266  19.543959,-0.7658075,0.4975653
2013-07-18T09-08-31.268  19.543959,0.23052064,3.5631902
2013-07-18T09-08-31.283  19.543959,0.92028624,6.973698
2013-07-18T09-08-31.285  19.543959,1.0735675,9.502839
2013-07-18T09-08-31.287  19.543959,1.8399738,10.614128
2013-07-18T09-08-31.301  19.543959,1.8782941,10.652448
2013-07-18T09-08-31.303  19.543959,1.2268487,10.460847
2013-07-18T09-08-31.318  19.543959,1.4184504,10.805729
2013-07-18T09-08-31.319  19.543959,1.6100519,11.725417
2013-07-18T09-08-31.337  19.543959,1.5334113,13.219909
2013-07-18T09-08-31.338  19.543959,1.3034893,14.599441
2013-07-18T09-08-31.352  19.543959,1.6483722,15.6340885
2013-07-18T09-08-31.353  19.543959,1.8399738,15.940651
2013-07-18T09-08-31.370  17.896185,1.8399738,15.9789715
2013-07-18T09-08-31.371  14.217435,1.6100519,16.630417
2013-07-18T09-08-31.390  10.577005,1.8016534,18.009949
2013-07-18T09-08-31.397  7.243138,1.5334113,18.776354
2013-07-18T09-08-31.398  3.83263,-0.26764342,18.23987
2013-07-18T09-08-31.400  0.65204406,-1.3406122,16.745378
2013-07-18T09-08-31.420  -1.7621356,-1.5322137,14.139597
2013-07-18T09-08-31.422  -2.7201433,-3.0650263,10.537487
2013-07-18T09-08-31.440  -3.6781511,-5.4408855,6.705456
2013-07-18T09-08-31.441  -4.1763153,-5.97737,4.367917
2013-07-18T09-08-31.443  -4.597839,-5.4408855,2.9883857
2013-07-18T09-08-31.445  -4.6744795,-6.0540104,1.9154168
2013-07-18T09-08-31.453  -4.981042,-6.245612,1.685495
2013-07-18T09-08-31.475  -4.597839,-6.858737,1.2639716
2013-07-18T09-08-31.477  -4.1763153,-7.816745,-5.987549E-4
2013-07-18T09-08-31.489  -3.4482293,-8.6981125,-3.3727863
2013-07-18T09-08-31.490  -2.8734248,-11.227253,-8.047864
2013-07-18T09-08-31.506  -1.9154168,-12.760065,-13.987513
2013-07-18T09-08-31.507  -1.07237,-13.794714,-17.512981
2013-07-18T09-08-31.527  -2.4519012,-13.909675,-19.352356
2013-07-18T09-08-31.528  -1.9920574,-13.8330345,-19.543959
2013-07-18T09-08-31.529  -2.2219794,-13.679752,-19.543959
2013-07-18T09-08-31.533  -1.6088544,-12.798386,-19.543959
2013-07-18T09-08-31.554  -0.03772156,-12.645104,-19.543959
2013-07-18T09-08-31.555  1.9549347,-13.028308,-19.543959
2013-07-18T09-08-31.572  3.4877472,-12.989987,-19.543959
2013-07-18T09-08-31.574  4.7139974,-13.0666275,-19.543959
2013-07-18T09-08-31.590  5.2888017,-13.181589,-19.543959
2013-07-18T09-08-31.592  5.2504816,-13.258229,-19.543959
2013-07-18T09-08-31.593  4.675677,-13.143269,-19.543959
2013-07-18T09-08-31.612  4.4840755,-12.760065,-19.543959
2013-07-18T09-08-31.615  4.9055986,-11.687097,-19.543959
2013-07-18T09-08-31.616  5.748646,-11.112292,-19.543959
2013-07-18T09-08-31.622  6.5533724,-10.920691,-19.543959
2013-07-18T09-08-31.638  7.243138,-9.541159,-19.543959
2013-07-18T09-08-31.640  8.354427,-8.813073,-18.892513
2013-07-18T09-08-31.660  9.465716,-8.3532295,-17.129778
2013-07-18T09-08-31.662  10.6536455,-7.586823,-14.140794
2013-07-18T09-08-31.663  12.071497,-6.2839327,-9.733958
2013-07-18T09-08-31.670  13.336067,-5.4025655,-5.212161
2013-07-18T09-08-31.694  14.6772785,-4.3295965,-0.95860654
2013-07-18T09-08-31.696  15.941849,-3.2566278,2.9883857
2013-07-18T09-08-31.697  18.54763,-2.6435027,7.4718623
2013-07-18T09-08-31.702  19.543959,-1.6088544,12.530144
2013-07-18T09-08-31.725  19.543959,-0.1526825,17.665066
2013-07-18T09-08-31.727  19.543959,1.3034893,19.581081
2013-07-18T09-08-31.742  19.543959,2.7979815,19.581081
2013-07-18T09-08-31.744  17.359701,3.5260675,19.581081
2013-07-18T09-08-31.745  13.106146,3.9092705,19.581081
2013-07-18T09-08-31.760  8.66099,4.445755,19.581081
2013-07-18T09-08-31.761  3.9475908,5.2888017,19.581081
2013-07-18T09-08-31.786  0.03891907,6.170169,19.581081
2013-07-18T09-08-31.788  -2.9500654,5.557044,19.581081
2013-07-18T09-08-31.806  -5.364245,4.2541533,16.438816
2013-07-18T09-08-31.807  -7.586823,3.1428645,11.495495
2013-07-18T09-08-31.824  -9.349558,1.9166144,7.433542
2013-07-18T09-08-31.826  -10.959011,0.69036436,4.252956
2013-07-18T09-08-31.843  -12.300221,0.72868466,2.4902215
2013-07-18T09-08-31.845  -12.798386,0.23052064,-0.15388
2013-07-18T09-08-31.848  -12.875027,0.49876282,-0.8053253
2013-07-18T09-08-31.849  -12.0703,-0.30596375,-1.265169
2013-07-18T09-08-31.868  -11.342214,-0.8424481,-2.874622
2013-07-18T09-08-31.870  -10.1542845,-1.2639716,-3.5260675
2013-07-18T09-08-31.889  -9.196277,-2.29862,-5.327122
2013-07-18T09-08-31.890  -7.2802606,-3.52487,-8.814271
2013-07-18T09-08-31.908  -5.2876043,-2.9500654,-12.493021
2013-07-18T09-08-31.909  -3.141667,-2.8734248,-14.294075
2013-07-18T09-08-31.911  -0.4209247,-3.4482293,-15.520326
2013-07-18T09-08-31.924  2.7979815,-3.6781511,-16.708256
2013-07-18T09-08-31.926  6.28513,-3.4482293,-17.666264
2013-07-18T09-08-31.927  10.232122,-3.4865496,-17.627943
2013-07-18T09-08-31.928  14.370716,-3.6015105,-17.704582
2013-07-18T09-08-31.944  18.58595,-3.026706,-18.356028
2013-07-18T09-08-31.944  19.543959,-1.7621356,-17.896185
2013-07-18T09-08-31.959  19.58228,-0.9574091,-17.32138
2013-07-18T09-08-31.960  19.543959,-2.0303779,-17.589622
2013-07-18T09-08-31.977  19.543959,-3.1799872,-18.777552
2013-07-18T09-08-31.979  19.543959,-3.754792,-19.314035
2013-07-18T09-08-31.995  19.543959,-3.8314326,-19.237396
2013-07-18T09-08-31.997  19.543959,-5.325925,-16.861536
2013-07-18T09-08-32.012  19.543959,-6.3605733,-13.68095
2013-07-18T09-08-32.016  19.543959,-4.981042,-11.15181
2013-07-18T09-08-32.032  19.543959,-5.4025655,-7.894583
2013-07-18T09-08-32.034  19.543959,-7.0886593,-5.1355205
2013-07-18T09-08-32.050  19.543959,-5.2109637,-0.65204406
2013-07-18T09-08-32.051  19.543959,-7.20362,2.0686982
2013-07-18T09-08-32.053  19.390676,-9.272917,3.2566278
2013-07-18T09-08-32.065  15.252083,-10.192604,2.9500654
2013-07-18T09-08-32.067  9.848919,-9.004675,2.9883857
2013-07-18T09-08-32.088  5.4420834,-7.970026,3.754792
2013-07-18T09-08-32.089  0.84364563,-6.973698,4.8660808
2013-07-18T09-08-32.092  -3.7931123,-5.364245,6.590495
2013-07-18T09-08-32.096  -7.6251435,-3.9847138,8.659792
2013-07-18T09-08-32.114  -11.342214,-2.9883857,11.2655735
2013-07-18T09-08-32.116  -14.5227995,-1.8770965,12.836706
2013-07-18T09-08-32.135  -16.9753,-1.4938934,13.219909
2013-07-18T09-08-32.137  -18.852995,-0.9574091,11.917019
2013-07-18T09-08-32.138  -19.581081,0.53708315,10.1542845
2013-07-18T09-08-32.145  -19.581081,1.1118878,7.7784247
2013-07-18T09-08-32.162  -19.581081,-0.57420594,4.7127995
2013-07-18T09-08-32.163  -19.581081,-0.8807684,1.5322137
2013-07-18T09-08-32.182  -19.581081,-0.1526825,0.07604187
2013-07-18T09-08-32.184  -17.550104,-0.26764342,-0.9969269
2013-07-18T09-08-32.186  -12.530144,-0.65084654,-1.7250128
2013-07-18T09-08-32.203  -6.628815,-0.34428406,-4.7523174
2013-07-18T09-08-32.205  -0.68916684,-0.9574091,-9.772279
2013-07-18T09-08-32.218  4.790638,-1.6088544,-16.363373
2013-07-18T09-08-32.220  10.691966,-1.7238153,-19.543959
2013-07-18T09-08-32.235  16.516653,-1.8387762,-19.543959
2013-07-18T09-08-32.236  19.467318,-2.911745,-19.543959
2013-07-18T09-08-32.251  19.543959,-3.2183075,-19.543959
2013-07-18T09-08-32.253  19.543959,-2.6051824,-19.543959
2013-07-18T09-08-32.267  19.543959,-3.2183075,-19.237396
2013-07-18T09-08-32.269  19.543959,-3.754792,-17.091457
2013-07-18T09-08-32.287  19.543959,-4.75112,-15.290403
2013-07-18T09-08-32.289  19.543959,-4.981042,-14.255755
2013-07-18T09-08-32.305  19.58228,-4.597839,-12.4547
2013-07-18T09-08-32.307  19.543959,-4.9044013,-9.695638
2013-07-18T09-08-32.324  19.543959,-4.4445577,-5.9785676
2013-07-18T09-08-32.325  19.390676,-4.0996747,-3.1045442
2013-07-18T09-08-32.326  16.631615,-3.4865496,-0.8053253
2013-07-18T09-08-32.329  14.294075,-4.061354,1.3022919
2013-07-18T09-08-32.354  11.688294,-3.9463935,3.2566278
2013-07-18T09-08-32.356  8.77595,-4.252956,5.325925
2013-07-18T09-08-32.358  4.8672786,-4.78944,8.583151
2013-07-18T09-08-32.372  -0.57420594,-2.6435027,11.840378
2013-07-18T09-08-32.373  -6.437214,0.72868466,16.438816
2013-07-18T09-08-32.392  -12.185261,4.215833,19.54276
2013-07-18T09-08-32.393  -16.630417,6.898255,19.581081
2013-07-18T09-08-32.407  -18.009949,7.7029815,19.581081
2013-07-18T09-08-32.408  -16.745378,7.166497,19.31284
2013-07-18T09-08-32.423  -14.599441,6.170169,18.163229
2013-07-18T09-08-32.425  -12.300221,5.02056,14.062956
2013-07-18T09-08-32.425  -10.192604,3.6793487,11.725417
2013-07-18T09-08-32.433  -8.42987,2.0698957,9.502839
2013-07-18T09-08-32.458  -7.548503,0.26884094,7.931706
2013-07-18T09-08-32.460  -6.437214,-1.8387762,4.981042
2013-07-18T09-08-32.461  -5.4025655,-5.0960026,-1.6866925
2013-07-18T09-08-32.465  -3.6015105,-7.816745,-9.5423565
2013-07-18T09-08-32.486  -0.7658075,-7.1269794,-14.715599
2013-07-18T09-08-32.487  3.9092705,-5.9390497,-17.704582
2013-07-18T09-08-32.504  9.887239,-6.0156903,-18.892513
2013-07-18T09-08-32.508  16.09513,-5.479206,-19.160755
2013-07-18T09-08-32.509  19.543959,-4.9427214,-19.543959
2013-07-18T09-08-32.524  19.543959,-5.2492843,-19.543959
2013-07-18T09-08-32.526  19.543959,-4.636159,-19.543959
2013-07-18T09-08-32.541  19.543959,-3.6398308,-19.543959
2013-07-18T09-08-32.543  19.543959,-3.4865496,-19.543959
2013-07-18T09-08-32.562  19.543959,-4.5211983,-19.543959
2013-07-18T09-08-32.563  19.543959,-5.4025655,-19.314035
2013-07-18T09-08-32.588  19.543959,-4.8660808,-17.742903
2013-07-18T09-08-32.589  19.543959,-6.7820964,-15.213763
2013-07-18T09-08-32.591  19.543959,-8.659792,-13.259427
2013-07-18T09-08-32.594  19.505638,-7.701784,-10.462044
2013-07-18T09-08-32.608  18.892513,-6.245612,-6.630013
2013-07-18T09-08-32.610  16.01849,-6.207292,-0.61372375
2013-07-18T09-08-32.631  11.956536,-5.6324873,5.019362
2013-07-18T09-08-32.633  6.5533724,-3.6781511,9.502839
2013-07-18T09-08-32.646  0.57540345,-1.8387762,12.568463
2013-07-18T09-08-32.646  -5.8240886,0.11555969,14.024635
2013-07-18T09-08-32.647  -11.2655735,2.7979815,14.369518
2013-07-18T09-08-32.650  -15.78737,4.3691144,13.488152
2013-07-18T09-08-32.657  -18.508112,6.055208,11.457174
2013-07-18T09-08-32.672  -18.584753,5.786966,8.008347
2013-07-18T09-08-32.674  -16.515455,3.83263,2.9883857
2013-07-18T09-08-32.690  -14.177917,2.7596612,-1.993255
2013-07-18T09-08-32.691  -11.303893,2.223177,-5.0972004
2013-07-18T09-08-32.711  -7.2802606,1.0352472,-6.7449737
2013-07-18T09-08-32.712  -4.061354,-0.7658075,-8.66099
2013-07-18T09-08-32.729  0.57540345,-1.685495,-9.427396
2013-07-18T09-08-32.731  6.9748955,-1.8387762,-9.274115
2013-07-18T09-08-32.732  13.221107,-3.2183075,-10.883568
2013-07-18T09-08-32.738  18.50931,-5.4025655,-14.9072
2013-07-18T09-08-32.759  19.543959,-6.628815,-19.045794
2013-07-18T09-08-32.762  19.543959,-6.5138545,-19.543959
2013-07-18T09-08-32.774  19.543959,-6.0540104,-19.543959
2013-07-18T09-08-32.775  19.543959,-7.0886593,-19.505638
2013-07-18T09-08-32.789  19.543959,-9.081315,-17.742903
2013-07-18T09-08-32.791  19.543959,-9.081315,-14.86888
2013-07-18T09-08-32.809  19.58228,-7.6251435,-11.496693
2013-07-18T09-08-32.812  19.543959,-8.199948,-7.8179426
2013-07-18T09-08-32.813  19.543959,-11.572136,-5.3654423
2013-07-18T09-08-32.827  18.279388,-14.407839,-4.4840755
2013-07-18T09-08-32.829  11.535013,-13.41151,-3.83263
2013-07-18T09-08-32.849  3.334466,-10.997331,-0.57540345
2013-07-18T09-08-32.851  -5.0576825,-7.8550653,4.9427214
2013-07-18T09-08-32.852  -13.0666275,-3.1033466,11.073972
2013-07-18T09-08-32.858  -19.006277,1.5717316,15.557448
2013-07-18T09-08-32.881  -19.581081,4.5223956,17.665066
2013-07-18T09-08-32.883  -19.581081,5.6336846,17.01362
2013-07-18T09-08-32.884  -19.581081,4.445755,12.951667
2013-07-18T09-08-32.891  -19.581081,3.5643878,6.475534
2013-07-18T09-08-32.912  -19.274519,1.9166144,-0.92028624
2013-07-18T09-08-32.915  -17.243542,0.9969269,-7.013216
2013-07-18T09-08-32.934  -13.641433,0.07723938,-10.347083
2013-07-18T09-08-32.935  -6.705456,-0.30596375,-8.66099
2013-07-18T09-08-32.947  4.330794,1.8782941,-2.9512627
2013-07-18T09-08-32.949  15.137122,1.7250128,-3.602708
2013-07-18T09-08-32.950  19.543959,-0.8041278,-11.879895
2013-07-18T09-08-32.965  19.543959,-3.4865496,-19.237396
2013-07-18T09-08-32.966  19.543959,-4.5595183,-19.543959
2013-07-18T09-08-32.977  19.543959,-5.517526,-19.543959
2013-07-18T09-08-32.979  19.543959,-6.8970575,-17.091457
2013-07-18T09-08-32.994  19.543959,-8.238269,-13.297748
2013-07-18T09-08-32.996  19.543959,-7.816745,-11.611653
2013-07-18T09-08-33.012  19.543959,-7.356901,-11.688294
2013-07-18T09-08-33.014  19.543959,-6.3605733,-11.228451
2013-07-18T09-08-33.029  19.543959,-4.9044013,-9.657317
2013-07-18T09-08-33.031  19.543959,-4.7127995,-6.9365754
2013-07-18T09-08-33.047  17.896185,-6.7437763,-4.2541533
2013-07-18T09-08-33.048  12.071497,-12.606784,-3.2961457
2013-07-18T09-08-33.066  1.1118878,-13.794714,-1.9166144
2013-07-18T09-08-33.067  -12.568463,-6.5521746,4.981042
2013-07-18T09-08-33.085  -19.581081,1.3034893,16.170572
2013-07-18T09-08-33.086  -19.581081,2.5680597,19.581081
2013-07-18T09-08-33.087  -19.581081,3.6793487,19.581081
2013-07-18T09-08-33.091  -18.163229,4.7523174,19.581081
2013-07-18T09-08-33.099  -8.621471,2.4147785,19.581081
2013-07-18T09-08-33.112  -2.0686982,-0.30596375,14.982643
2013-07-18T09-08-33.115  1.4567707,-1.5705341,7.2419405
2013-07-18T09-08-33.129  5.9785676,-3.409909,5.134323
2013-07-18T09-08-33.131  11.343411,-4.6744795,2.7584639
2013-07-18T09-08-33.145  16.976498,-5.900729,-2.4530988
2013-07-18T09-08-33.147  19.543959,-7.356901,-8.584349
2013-07-18T09-08-33.166  19.543959,-8.659792,-12.41638
2013-07-18T09-08-33.168  19.543959,-9.196277,-12.684622
2013-07-18T09-08-33.180  19.543959,-6.973698,-10.0022
2013-07-18T09-08-33.182  19.543959,-3.6781511,-4.9055986
2013-07-18T09-08-33.196  19.543959,-4.061354,0.11436218
2013-07-18T09-08-33.198  19.543959,-4.4445577,2.7201433
2013-07-18T09-08-33.214  19.543959,-4.78944,5.134323
2013-07-18T09-08-33.216  19.543959,-7.0503387,6.820417
2013-07-18T09-08-33.236  19.543959,-12.0703,6.0156903
2013-07-18T09-08-33.237  18.432669,-13.526471,4.2912765
2013-07-18T09-08-33.253  12.684622,-9.426198,4.137995
2013-07-18T09-08-33.254  8.354427,-4.023034,5.862409
2013-07-18T09-08-33.255  5.8252864,-1.1106904,6.7820964
2013-07-18T09-08-33.272  5.672005,0.11555969,6.2839327
2013-07-18T09-08-33.273  6.630013,-0.07604187,4.214636
2013-07-18T09-08-33.276  8.201145,0.15388,1.5705341
2013-07-18T09-08-33.284  8.929232,-0.53588563,-0.72868466
2013-07-18T09-08-33.306  8.507709,-2.1453388,-3.6410284
2013-07-18T09-08-33.309  6.859935,-5.5558467,-8.0861845
2013-07-18T09-08-33.310  2.8363018,-6.628815,-11.688294
2013-07-18T09-08-33.316  -2.29862,-4.4445577,-13.374388
2013-07-18T09-08-33.334  -6.973698,-1.5705341,-12.837903
2013-07-18T09-08-33.338  -10.115964,0.69036436,-10.960208
2013-07-18T09-08-33.360  -12.606784,1.9549347,-9.274115
2013-07-18T09-08-33.361  -13.219909,1.7633331,-11.381732
2013-07-18T09-08-33.375  -11.6104555,0.88196594,-15.711926
2013-07-18T09-08-33.376  -8.621471,-0.38260436,-19.467318
2013-07-18T09-08-33.388  -4.4828777,-1.9154168,-19.543959
2013-07-18T09-08-33.390  0.19220032,-3.1799872,-19.543959
2013-07-18T09-08-33.404  3.6410284,-5.709128,-19.543959
2013-07-18T09-08-33.406  6.0168877,-8.161628,-19.543959
2013-07-18T09-08-33.407  6.5916924,-8.621471,-19.543959
2013-07-18T09-08-33.418  6.131849,-8.238269,-19.543959
2013-07-18T09-08-33.421  5.05888,-9.081315,-19.543959
2013-07-18T09-08-33.434  3.9092705,-10.614128,-19.543959
2013-07-18T09-08-33.437  4.100872,-10.384206,-15.443685
2013-07-18T09-08-33.452  5.557044,-10.115964,-12.531341
2013-07-18T09-08-33.454  7.358099,-12.03198,-12.684622
2013-07-18T09-08-33.470  7.8562627,-13.756393,-13.144466
2013-07-18T09-08-33.471  6.7066536,-13.871354,-12.301419
2013-07-18T09-08-33.487  5.02056,-13.794714,-8.0861845
2013-07-18T09-08-33.488  1.6866925,-13.756393,-2.223177
2013-07-18T09-08-33.501  -3.294948,-12.760065,4.78944
2013-07-18T09-08-33.502  -10.575808,-10.729089,13.028308
2013-07-18T09-08-33.522  -18.661394,-8.008347,19.274519
2013-07-18T09-08-33.524  -19.581081,-4.061354,19.581081
2013-07-18T09-08-33.536  -19.581081,-1.8004559,19.581081
2013-07-18T09-08-33.537  -19.581081,-4.406237,19.581081
2013-07-18T09-08-33.557  -19.581081,-8.084988,15.557448
2013-07-18T09-08-33.559  -17.550104,-9.387877,7.356901
2013-07-18T09-08-33.573  -3.9847138,-7.1653,8.621471
2013-07-18T09-08-33.575  11.228451,-2.6435027,8.544831
2013-07-18T09-08-33.576  19.428997,-1.07237,4.636159
2013-07-18T09-08-33.593  19.543959,-1.6088544,-4.4074345
2013-07-18T09-08-33.594  19.543959,-4.636159,-13.259427
2013-07-18T09-08-33.597  19.543959,-8.008347,-16.401693
2013-07-18T09-08-33.605  19.543959,-8.314909,-15.060482
2013-07-18T09-08-33.623  19.543959,-6.820417,-11.496693
2013-07-18T09-08-33.624  19.543959,-5.019362,-6.783294
2013-07-18T09-08-33.640  18.58595,-3.141667,-1.8016534
2013-07-18T09-08-33.641  16.478333,-0.8041278,4.061354
2013-07-18T09-08-33.660  14.94552,0.49876282,9.6178
2013-07-18T09-08-33.661  14.600637,1.993255,13.219909
2013-07-18T09-08-33.662  15.252083,2.8363018,15.480807
2013-07-18T09-08-33.669  16.478333,1.6866925,14.177917
2013-07-18T09-08-33.688  17.359701,0.84364563,11.993659
2013-07-18T09-08-33.690  17.704582,0.11555969,9.924362
2013-07-18T09-08-33.708  18.049465,-2.0303779,9.426198
2013-07-18T09-08-33.710  17.896185,-2.681823,10.767409
2013-07-18T09-08-33.711  16.401693,-1.3022919,12.913346
2013-07-18T09-08-33.728  14.332396,-0.65084654,16.132254
2013-07-18T09-08-33.730  12.378059,-0.22932312,18.27819
2013-07-18T09-08-33.734  9.92556,-0.34428406,19.159557
2013-07-18T09-08-33.742  7.9329033,-0.4209247,19.54276
2013-07-18T09-08-33.761  6.3617706,-2.0686982,19.4278
2013-07-18T09-08-33.763  4.9055986,-2.7584639,19.31284
2013-07-18T09-08-33.775  3.449427,-2.29862,18.852995
2013-07-18T09-08-33.777  2.1465364,-2.4519012,17.550104
2013-07-18T09-08-33.794  1.2268487,-3.754792,14.101276
2013-07-18T09-08-33.796  1.1885284,-5.2876043,7.8550653
2013-07-18T09-08-33.810  2.0698957,-6.628815,1.5322137
2013-07-18T09-08-33.812  2.6830206,-7.548503,-3.6793487
2013-07-18T09-08-33.828  3.6410284,-8.506511,-6.2084894
2013-07-18T09-08-33.831  4.8672786,-8.046667,-6.055208
2013-07-18T09-08-33.848  6.131849,-7.6251435,-4.3691144
2013-07-18T09-08-33.849  8.239466,-8.736432,-3.1045442
2013-07-18T09-08-33.850  10.040521,-10.422526,-8.431067
2013-07-18T09-08-33.854  11.535013,-11.802057,-17.704582
2013-07-18T09-08-33.876  12.071497,-10.652448,-19.543959
2013-07-18T09-08-33.878  11.611653,-9.272917,-19.543959
2013-07-18T09-08-33.880  11.458372,-9.464519,-19.543959
2013-07-18T09-08-33.899  10.806927,-10.575808,-19.543959
2013-07-18T09-08-33.901  9.044192,-11.035651,-19.505638
2013-07-18T09-08-33.902  6.668333,-12.03198,-19.543959
2013-07-18T09-08-33.910  5.748646,-11.6104555,-19.543959
2013-07-18T09-08-33.928  5.4804034,-11.9553385,-19.543959
2013-07-18T09-08-33.931  5.518724,-13.181589,-19.543959
2013-07-18T09-08-33.945  5.940247,-13.641433,-19.543959
2013-07-18T09-08-33.947  7.8179426,-14.944324,-19.543959
2013-07-18T09-08-33.965  10.078841,-16.860338,-19.543959
2013-07-18T09-08-33.967  12.33974,-18.354832,-19.543959
2013-07-18T09-08-33.983  14.064154,-19.54276,-19.543959
2013-07-18T09-08-33.984  14.9072,-19.581081,-19.543959
2013-07-18T09-08-34.000  14.562318,-19.581081,-19.543959
2013-07-18T09-08-34.001  13.527669,-19.581081,-19.543959
2013-07-18T09-08-34.017  11.611653,-19.581081,-18.164427
2013-07-18T09-08-34.018  10.040521,-19.581081,-9.120833
2013-07-18T09-08-34.019  8.431067,-19.581081,1.4172528
2013-07-18T09-08-34.023  8.162826,-19.581081,7.6251435
2013-07-18T09-08-34.031  9.120833,-19.581081,11.342214
2013-07-18T09-08-34.047  10.768606,-19.581081,16.208893
2013-07-18T09-08-34.049  12.991184,-19.581081,19.581081
2013-07-18T09-08-34.063  12.914544,-19.581081,19.581081
2013-07-18T09-08-34.064  9.810598,-19.581081,19.581081
2013-07-18T09-08-34.080  4.6373568,-17.320183,19.581081
2013-07-18T09-08-34.081  -0.65084654,-10.767409,19.581081
2013-07-18T09-08-34.095  -5.4025655,-4.8660808,19.581081
2013-07-18T09-08-34.096  -7.20362,-1.9537371,19.581081
2013-07-18T09-08-34.115  -6.1306515,-0.68916684,19.581081
2013-07-18T09-08-34.116  -3.3332684,-0.34428406,19.581081
2013-07-18T09-08-34.141  -0.11436218,0.19220032,19.581081
2013-07-18T09-08-34.143  3.602708,0.23052064,18.546432
2013-07-18T09-08-34.144  6.630013,0.30716124,13.33487
2013-07-18T09-08-34.146  9.695638,0.84364563,9.73276
2013-07-18T09-08-34.171  12.071497,1.4184504,7.4718623
2013-07-18T09-08-34.172  13.527669,1.8782941,5.479206
2013-07-18T09-08-34.174  14.600637,1.8782941,4.1763153
2013-07-18T09-08-34.175  14.140794,1.38013,3.5631902
2013-07-18T09-08-34.183  12.952865,1.1885284,3.9080732
2013-07-18T09-08-34.201  11.420052,1.1118878,4.636159
2013-07-18T09-08-34.203  9.96388,0.9969269,5.019362
2013-07-18T09-08-34.218  8.66099,1.1885284,5.2492843
2013-07-18T09-08-34.219  8.0861845,1.4567707,5.134323
2013-07-18T09-08-34.230  7.741302,1.3418097,4.75112
2013-07-18T09-08-34.232  7.7029815,1.1502081,4.1763153
2013-07-18T09-08-34.246  7.1281767,1.265169,3.6781511
2013-07-18T09-08-34.248  6.9748955,1.1118878,3.6781511
2013-07-18T09-08-34.266  6.668333,1.1885284,4.7127995
2013-07-18T09-08-34.267  6.7066536,1.6483722,5.0960026
2013-07-18T09-08-34.281  6.9365754,1.7633331,5.2109637
2013-07-18T09-08-34.282  6.9748955,1.8782941,5.134323
2013-07-18T09-08-34.298  6.7066536,1.5717316,4.7127995
2013-07-18T09-08-34.299  6.7066536,1.8399738,5.0576825
2013-07-18T09-08-34.317  6.515052,1.6100519,4.9044013
2013-07-18T09-08-34.319  6.2084894,1.6866925,4.4445577
2013-07-18T09-08-34.322  6.0168877,1.3034893,4.367917
2013-07-18T09-08-34.340  5.4804034,1.5717316,4.8660808
2013-07-18T09-08-34.342  4.9055986,1.4567707,6.437214
2013-07-18T09-08-34.344  4.0242314,1.495091,7.8550653
2013-07-18T09-08-34.352  2.874622,1.8016534,8.46819
2013-07-18T09-08-34.374  2.3764582,2.4530988,8.238269
2013-07-18T09-08-34.377  2.874622,2.2998176,7.586823
2013-07-18T09-08-34.378  4.3691144,1.3034893,6.705456
2013-07-18T09-08-34.384  5.5953646,1.1502081,5.7857685
2013-07-18T09-08-34.403  6.5916924,0.92028624,4.9427214
2013-07-18T09-08-34.406  7.3197784,0.65204406,4.4445577
2013-07-18T09-08-34.426  7.626341,0.57540345,4.1763153
2013-07-18T09-08-34.428  7.6646614,1.38013,4.5211983
2013-07-18T09-08-34.441  7.8179426,1.5334113,4.8660808
2013-07-18T09-08-34.443  7.8562627,1.3034893,5.325925
2013-07-18T09-08-34.444  8.277786,0.8053253,5.5558467
2013-07-18T09-08-34.448  8.201145,1.0735675,5.6324873
2013-07-18T09-08-34.472  8.0861845,1.3034893,5.2492843
2013-07-18T09-08-34.474  7.894583,0.38380188,4.636159
2013-07-18T09-08-34.476  7.51138,0.07723938,2.8734248
2013-07-18T09-08-34.490  7.0898566,0.19220032,2.1453388
2013-07-18T09-08-34.492  6.5916924,0.61372375,1.8004559
2013-07-18T09-08-34.497  6.5916924,1.2268487,2.3752606
2013-07-18T09-08-34.504  6.898255,1.265169,2.9500654
2013-07-18T09-08-34.516  7.281458,1.6100519,3.409909
2013-07-18T09-08-34.520  8.124505,1.8016534,3.2566278
2013-07-18T09-08-34.538  8.890911,1.7250128,3.1033466
2013-07-18T09-08-34.539  9.848919,1.5334113,2.183659
2013-07-18T09-08-34.553  10.347083,1.1502081,1.6471747
2013-07-18T09-08-34.554  10.193802,1.0735675,0.9957294
2013-07-18T09-08-34.575  9.848919,0.95860654,0.7658075
2013-07-18T09-08-34.577  8.622669,1.6483722,1.0340496
2013-07-18T09-08-34.578  7.0898566,1.993255,1.8387762
2013-07-18T09-08-34.584  5.518724,2.5680597,2.911745
2013-07-18T09-08-34.606  4.330794,3.1045442,4.4445577
2013-07-18T09-08-34.609  3.6410284,3.9475908,6.1689715
2013-07-18T09-08-34.623  3.8709502,4.215833,7.6251435
2013-07-18T09-08-34.625  5.05888,3.9475908,8.544831
2013-07-18T09-08-34.627  6.783294,3.0279036,7.931706
2013-07-18T09-08-34.645  8.009544,2.5680597,7.1269794
2013-07-18T09-08-34.646  9.427396,2.2998176,5.862409
2013-07-18T09-08-34.670  9.96388,1.8016534,4.8277607
2013-07-18T09-08-34.671  10.232122,1.38013,4.4445577
2013-07-18T09-08-34.689  10.6536455,1.1118878,4.5595183
2013-07-18T09-08-34.691  9.96388,1.1118878,5.9390497
2013-07-18T09-08-34.710  9.733958,1.8399738,7.701784
2013-07-18T09-08-34.712  9.5423565,2.3381379,9.6178
2013-07-18T09-08-34.729  9.504036,2.3764582,11.648776
2013-07-18T09-08-34.730  9.504036,2.4147785,12.376863
2013-07-18T09-08-34.731  9.159153,1.8782941,11.840378
2013-07-18T09-08-34.732  9.005872,1.4567707,9.886042
2013-07-18T09-08-34.745  8.73763,1.1885284,8.084988
2013-07-18T09-08-34.746  8.354427,0.53708315,6.3222528
2013-07-18T09-08-34.758  8.047864,0.4604425,5.4408855
2013-07-18T09-08-34.759  7.51138,0.65204406,5.134323
2013-07-18T09-08-34.773  7.013216,0.767005,5.5558467
2013-07-18T09-08-34.774  6.5533724,0.65204406,6.3222528
2013-07-18T09-08-34.779  5.518724,0.61372375,7.433542
2013-07-18T09-08-34.794  4.5223956,1.265169,8.123307
2013-07-18T09-08-34.795  3.3727863,2.1465364,9.004675
2013-07-18T09-08-34.807  2.5297394,2.2998176,9.771081
2013-07-18T09-08-34.809  2.3764582,2.223177,10.384206
2013-07-18T09-08-34.824  2.60638,2.223177,10.614128
2013-07-18T09-08-34.826  3.5643878,1.6866925,10.345885
2013-07-18T09-08-34.841  4.675677,1.1118878,9.924362
2013-07-18T09-08-34.842  5.5953646,0.53708315,9.311237
2013-07-18T09-08-34.858  6.28513,0.19220032,8.583151
2013-07-18T09-08-34.859  6.630013,-0.26764342,8.084988
2013-07-18T09-08-34.878  6.2468095,-0.4975653,7.970026
2013-07-18T09-08-34.880  5.557044,-0.38260436,7.548503
2013-07-18T09-08-34.893  5.02056,-0.03772156,7.740104
2013-07-18T09-08-34.894  4.445755,-0.07604187,8.046667
2013-07-18T09-08-34.908  3.9475908,0.23052064,8.314909
2013-07-18T09-08-34.912  4.062552,0.15388,8.46819
2013-07-18T09-08-34.935  4.4840755,0.11555969,8.238269
2013-07-18T09-08-34.936  5.5953646,-0.1910028,7.931706
2013-07-18T09-08-34.936  6.2468095,0.11555969,7.356901
2013-07-18T09-08-34.938  6.8216143,-0.38260436,6.7437763
2013-07-18T09-08-34.946  7.166497,-0.11436218,6.0540104
2013-07-18T09-08-34.960  7.4730597,-0.11436218,5.4408855
2013-07-18T09-08-34.962  7.2048173,0.30716124,4.8660808
2013-07-18T09-08-34.979  6.9365754,0.4604425,4.75112
2013-07-18T09-08-34.980  6.400091,0.92028624,4.7127995
2013-07-18T09-08-34.994  6.0168877,1.4567707,5.2876043
2013-07-18T09-08-34.995  5.8636065,1.9166144,6.207292
2013-07-18T09-08-35.014  5.327122,2.4147785,6.9353776
2013-07-18T09-08-35.016  4.9822392,3.334466,7.8550653
2013-07-18T09-08-35.031  4.943919,4.3691144,8.314909
2013-07-18T09-08-35.034  4.9055986,5.1355205,8.544831
2013-07-18T09-08-35.049  5.173841,6.32345,8.276588
2013-07-18T09-08-35.051  5.557044,7.1281767,8.46819
2013-07-18T09-08-35.063  6.170169,7.8179426,9.387877
2013-07-18T09-08-35.064  6.7066536,8.354427,10.307566
2013-07-18T09-08-35.078  7.1281767,8.929232,11.380534
2013-07-18T09-08-35.079  7.51138,9.5423565,12.185261
2013-07-18T09-08-35.084  7.8179426,10.270443,13.143269
2013-07-18T09-08-35.101  8.316107,10.423724,13.909675
2013-07-18T09-08-35.103  9.657317,10.385404,14.177917
2013-07-18T09-08-35.107  10.806927,9.427396,14.599441
2013-07-18T09-08-35.115  11.726614,9.274115,15.059284
2013-07-18T09-08-35.132  12.186459,9.312435,15.519128
2013-07-18T09-08-35.134  12.607982,8.66099,16.055613
2013-07-18T09-08-35.152  12.569661,8.431067,16.170572
2013-07-18T09-08-35.154  12.493021,8.392747,15.864011
2013-07-18T09-08-35.155  12.607982,8.124505,15.519128
2013-07-18T09-08-35.163  12.41638,7.8562627,15.097605
2013-07-18T09-08-35.194  11.803255,7.4730597,14.63776
2013-07-18T09-08-35.196  10.577005,7.281458,14.177917
2013-07-18T09-08-35.198  9.504036,7.358099,14.292878
2013-07-18T09-08-35.199  8.277786,6.476732,14.5227995
2013-07-18T09-08-35.224  6.515052,6.170169,14.139597
2013-07-18T09-08-35.226  5.4804034,5.6336846,13.679752
2013-07-18T09-08-35.228  5.2504816,4.445755,12.721745
2013-07-18T09-08-35.230  5.02056,2.9129424,11.150612
2013-07-18T09-08-35.237  4.6373568,1.9166144,8.889713
2013-07-18T09-08-35.251  4.3691144,2.0315752,6.5138545
2013-07-18T09-08-35.254  3.7559893,1.495091,5.97737
2013-07-18T09-08-35.272  2.4147785,0.92028624,5.97737
2013-07-18T09-08-35.273  0.03891907,0.767005,4.78944
2013-07-18T09-08-35.275  -1.7238153,0.4604425,2.7967842
2013-07-18T09-08-35.283  -2.9500654,-0.07604187,0.65084654
2013-07-18T09-08-35.300  -3.869753,-0.22932312,-1.7633331
2013-07-18T09-08-35.301  -4.7127995,-0.26764342,-3.717669
2013-07-18T09-08-35.319  -5.0960026,-0.9574091,-5.5953646
2013-07-18T09-08-35.321  -5.4408855,-1.2639716,-6.438411
2013-07-18T09-08-35.338  -5.2876043,-1.6471747,-6.9748955
2013-07-18T09-08-35.340  -5.0960026,-2.0303779,-6.9365754
2013-07-18T09-08-35.355  -5.2492843,-2.566862,-5.327122
2013-07-18T09-08-35.356  -4.8660808,-3.3332684,-3.602708
2013-07-18T09-08-35.370  -3.7931123,-3.754792,-1.1502081
2013-07-18T09-08-35.371  -3.3332684,-4.367917,0.11436218
2013-07-18T09-08-35.384  -4.137995,-4.8660808,-0.69036436
2013-07-18T09-08-35.385  -5.4408855,-4.636159,-1.7250128
2013-07-18T09-08-35.389  -7.2802606,-4.8277607,-1.9549347
2013-07-18T09-08-35.404  -9.119636,-5.5941668,-1.7250128
2013-07-18T09-08-35.406  -11.227253,-5.325925,-1.7250128
2013-07-18T09-08-35.418  -12.14694,-4.78944,-1.8399738
2013-07-18T09-08-35.420  -11.533815,-5.747448,-2.223177
2013-07-18T09-08-35.442  -9.847721,-7.1653,-2.60638
2013-07-18T09-08-35.444  -5.6324873,-8.314909,-1.9549347
2013-07-18T09-08-35.445  -0.11436218,-8.123307,-0.61372375
2013-07-18T09-08-35.452  3.9092705,-8.008347,-1.6483722
2013-07-18T09-08-35.471  5.8636065,-7.6251435,-5.1355205
2013-07-18T09-08-35.472  5.901927,-6.590495,-10.0022
2013-07-18T09-08-35.488  4.7139974,-6.5138545,-13.910872
2013-07-18T09-08-35.490  1.8782941,-6.7820964,-16.13345
2013-07-18T09-08-35.509  -0.22932312,-5.97737,-16.13345
2013-07-18T09-08-35.510  1.7250128,-5.5941668,-13.68095
2013-07-18T09-08-35.511  6.668333,-6.0156903,-11.26677
2013-07-18T09-08-35.516  12.224778,-6.475534,-12.033176
2013-07-18T09-08-35.524  18.50931,-6.2839327,-15.788568
2013-07-18T09-08-35.538  19.543959,-5.709128,-19.007473
2013-07-18T09-08-35.542  19.543959,-3.6781511,-18.854193
2013-07-18T09-08-35.560  19.543959,-1.7238153,-17.28306
2013-07-18T09-08-35.562  19.58228,0.53708315,-14.294075
2013-07-18T09-08-35.564  19.543959,0.07723938,-10.883568
2013-07-18T09-08-35.572  19.543959,-1.7621356,-6.8216143
2013-07-18T09-08-35.589  19.543959,-3.2183075,-1.9549347
2013-07-18T09-08-35.590  19.543959,-4.5211983,2.8734248
2013-07-18T09-08-35.607  19.543959,-3.1799872,7.586823
2013-07-18T09-08-35.610  19.505638,-1.6088544,12.14694
2013-07-18T09-08-35.629  17.934505,-0.4975653,16.592096
2013-07-18T09-08-35.631  14.792239,1.3418097,19.31284
2013-07-18T09-08-35.632  11.535013,2.491419,19.581081
2013-07-18T09-08-35.637  8.584349,3.1811848,19.581081
2013-07-18T09-08-35.662  6.3617706,3.449427,19.581081
2013-07-18T09-08-35.663  4.062552,3.0662239,19.581081
2013-07-18T09-08-35.665  1.38013,1.4184504,18.39315
2013-07-18T09-08-35.669  -1.3789325,1.3034893,13.871354
2013-07-18T09-08-35.695  -3.3332684,1.5334113,9.464519
2013-07-18T09-08-35.696  -4.252956,2.0315752,5.2109637
2013-07-18T09-08-35.701  -3.1799872,0.61372375,-0.26884094
2013-07-18T09-08-35.716  -1.0340496,-0.4209247,-5.1355205
2013-07-18T09-08-35.726  1.6100519,-0.11436218,-8.584349
2013-07-18T09-08-35.742  4.5223956,0.03891907,-10.040521
2013-07-18T09-08-35.743  7.281458,-0.8041278,-12.1098175
2013-07-18T09-08-35.745  9.235794,-2.2219794,-15.213763
2013-07-18T09-08-35.747  10.117161,-2.8351045,-18.58595
2013-07-18T09-08-35.769  10.078841,-3.294948,-19.543959
2013-07-18T09-08-35.771  9.887239,-3.9080732,-19.543959
2013-07-18T09-08-35.773  9.5423565,-3.9463935,-19.58228
2013-07-18T09-08-35.774  9.695638,-3.3332684,-19.543959
2013-07-18T09-08-35.792  10.040521,-3.2183075,-19.543959
2013-07-18T09-08-35.793  10.423724,-3.2183075,-19.543959
2013-07-18T09-08-35.809  10.921887,-3.5631902,-19.543959
2013-07-18T09-08-35.811  11.496693,-4.8277607,-19.543959
2013-07-18T09-08-35.827  11.918216,-5.2876043,-19.543959
2013-07-18T09-08-35.829  12.1098175,-5.900729,-19.543959
2013-07-18T09-08-35.845  12.761263,-6.0156903,-19.543959
2013-07-18T09-08-35.847  13.412708,-5.862409,-19.543959
2013-07-18T09-08-35.848  14.332396,-5.900729,-19.390676
2013-07-18T09-08-35.860  15.098802,-5.517526,-15.558645
2013-07-18T09-08-35.862  15.520326,-4.7127995,-10.883568
2013-07-18T09-08-35.879  16.01849,-4.4445577,-7.243138
2013-07-18T09-08-35.880  16.13345,-4.3295965,-4.100872
2013-07-18T09-08-35.898  16.325052,-4.0996747,-1.7250128
2013-07-18T09-08-35.899  16.21009,-3.9463935,0.459245
2013-07-18T09-08-35.901  16.09513,-2.9883857,3.7164717
2013-07-18T09-08-35.909  15.175443,-2.6051824,6.705456
2013-07-18T09-08-35.925  13.374388,-1.2639716,10.4991665
2013-07-18T09-08-35.926  10.960208,-0.34428406,14.484479
2013-07-18T09-08-35.948  7.971224,0.61372375,18.124908
2013-07-18T09-08-35.950  3.602708,1.0352472,19.581081
2013-07-18T09-08-35.968  -1.8770965,2.0698957,19.581081
2013-07-18T09-08-35.970  -7.318581,2.874622,19.581081
2013-07-18T09-08-35.983  -12.568463,3.2578254,19.581081
2013-07-18T09-08-35.985  -17.243542,3.8709502,18.967957
2013-07-18T09-08-35.986  -19.389479,4.330794,16.017292
2013-07-18T09-08-35.990  -19.389479,2.3381379,12.530144
2013-07-18T09-08-35.998  -17.588425,0.92028624,9.081315
2013-07-18T09-08-36.017  -13.947995,-0.459245,7.3952217
2013-07-18T09-08-36.018  -10.077643,-1.685495,6.5138545
2013-07-18T09-08-36.022  -6.207292,-3.294948,4.4828777
2013-07-18T09-08-36.030  -1.9537371,-4.8660808,0.53588563
2013-07-18T09-08-36.042  3.219505,-6.1306515,-4.6373568
2013-07-18T09-08-36.046  8.431067,-6.6671357,-10.117161
2013-07-18T09-08-36.071  12.41638,-6.973698,-14.447356
2013-07-18T09-08-36.073  15.673607,-5.9390497,-17.857864
2013-07-18T09-08-36.074  18.66259,-4.1763153,-19.505638
2013-07-18T09-08-36.078  19.543959,-3.2183075,-19.543959
2013-07-18T09-08-36.097  19.543959,-3.1033466,-18.50931
2013-07-18T09-08-36.098  19.543959,-3.6015105,-17.206419
2013-07-18T09-08-36.116  19.543959,-3.6015105,-16.899857
2013-07-18T09-08-36.119  19.543959,-2.9883857,-16.401693
2013-07-18T09-08-36.135  19.543959,-3.026706,-15.826888
2013-07-18T09-08-36.137  19.543959,-4.3295965,-15.252083
2013-07-18T09-08-36.152  19.543959,-6.0156903,-15.443685
2013-07-18T09-08-36.154  19.543959,-5.0960026,-14.562318
2013-07-18T09-08-36.156  19.543959,-6.092331,-11.381732
2013-07-18T09-08-36.159  19.543959,-6.3988934,-6.476732
2013-07-18T09-08-36.167  18.58595,-8.813073,-2.9129424
2013-07-18T09-08-36.188  12.952865,-8.544831,-1.2268487
2013-07-18T09-08-36.191  7.4347396,-7.2419405,0.38260436
2013-07-18T09-08-36.192  1.7633331,-6.437214,2.6435027
2013-07-18T09-08-36.199  -5.364245,-3.6398308,4.252956
2013-07-18T09-08-36.220  -11.878698,-0.4209247,5.2492843
2013-07-18T09-08-36.221  -16.9753,1.8782941,6.6671357
2013-07-18T09-08-36.237  -19.54276,3.4111066,8.544831
2013-07-18T09-08-36.239  -19.581081,3.9859114,8.161628
2013-07-18T09-08-36.240  -18.009949,3.3727863,5.2876043
2013-07-18T09-08-36.247  -18.814674,2.6447003,5.8240886
2013-07-18T09-08-36.269  -16.055613,1.4184504,4.8277607
2013-07-18T09-08-36.272  -11.725417,-0.1910028,4.214636
2013-07-18T09-08-36.286  -7.586823,-0.68916684,2.3369403
2013-07-18T09-08-36.288  -2.5285418,-0.7274872,-0.19220032
2013-07-18T09-08-36.289  3.334466,-0.8424481,-4.4074345
2013-07-18T09-08-36.303  9.580677,-1.2639716,-9.159153
2013-07-18T09-08-36.305  17.129778,-1.685495,-14.255755
2013-07-18T09-08-36.319  19.543959,-2.681823,-18.47099
2013-07-18T09-08-36.320  19.543959,-2.6051824,-19.543959
2013-07-18T09-08-36.332  19.543959,-2.7967842,-19.543959
2013-07-18T09-08-36.335  19.543959,-3.7931123,-19.543959
2013-07-18T09-08-36.349  19.543959,-5.6708074,-19.352356
2013-07-18T09-08-36.351  19.543959,-6.475534,-18.70091
2013-07-18T09-08-36.369  19.543959,-7.8933854,-17.39802
2013-07-18T09-08-36.370  19.543959,-8.889713,-15.482005
2013-07-18T09-08-36.387  19.390676,-8.161628,-12.33974
2013-07-18T09-08-36.388  16.13345,-7.0886593,-6.9365754
2013-07-18T09-08-36.401  11.611653,-5.2109637,-5.987549E-4
2013-07-18T09-08-36.402  7.281458,-2.681823,6.6671357
2013-07-18T09-08-36.418  3.9092705,-0.4975653,10.077643
2013-07-18T09-08-36.419  2.1848567,0.88196594,11.227253
2013-07-18T09-08-36.438  1.2268487,1.4184504,11.073972
2013-07-18T09-08-36.440  5.987549E-4,1.7250128,11.112292
2013-07-18T09-08-36.457  -2.2219794,0.92028624,12.261901
2013-07-18T09-08-36.459  -6.858737,0.88196594,13.909675
2013-07-18T09-08-36.460  -13.41151,3.717669,16.553776
2013-07-18T09-08-36.463  -18.086588,5.8636065,19.121237
2013-07-18T09-08-36.471  -19.50444,5.4804034,19.581081
2013-07-18T09-08-36.495  -19.581081,4.7139974,18.27819
2013-07-18T09-08-36.497  -17.856667,4.1775126,14.331198
2013-07-18T09-08-36.514  -12.568463,1.4184504,8.659792
2013-07-18T09-08-36.516  -7.433542,-1.7238153,2.566862
2013-07-18T09-08-36.517  -3.0650263,-2.413581,-2.2998176
2013-07-18T09-08-36.520  2.9512627,-2.9500654,-4.7523174
2013-07-18T09-08-36.538  8.929232,-3.754792,-7.396419
2013-07-18T09-08-36.539  13.106146,-4.9427214,-12.41638
2013-07-18T09-08-36.556  15.0221615,-4.2912765,-18.356028
2013-07-18T09-08-36.557  17.129778,-3.4865496,-19.543959
2013-07-18T09-08-36.571  19.390676,-3.9463935,-19.543959
2013-07-18T09-08-36.572  19.543959,-4.0996747,-19.543959
2013-07-18T09-08-36.588  19.543959,-3.8314326,-19.543959
2013-07-18T09-08-36.590  19.543959,-3.6015105,-19.543959
2013-07-18T09-08-36.593  19.543959,-4.75112,-19.543959
2013-07-18T09-08-36.605  19.543959,-5.517526,-19.543959
2013-07-18T09-08-36.609  19.543959,-5.5558467,-18.930834
2013-07-18T09-08-36.621  19.543959,-5.7857685,-17.091457
2013-07-18T09-08-36.624  19.543959,-6.7820964,-16.478333
2013-07-18T09-08-36.639  19.543959,-8.314909,-16.861536
2013-07-18T09-08-36.641  19.543959,-9.8094015,-15.482005
2013-07-18T09-08-36.654  19.275717,-11.993659,-11.228451
2013-07-18T09-08-36.656  13.221107,-12.683425,-5.4420834
2013-07-18T09-08-36.679  4.062552,-9.426198,2.6051824
2013-07-18T09-08-36.680  -3.9080732,-3.7931123,10.805729
2013-07-18T09-08-36.681  -9.272917,-0.03772156,15.74905
2013-07-18T09-08-36.688  -12.03198,1.1885284,15.82569
2013-07-18T09-08-36.706  -13.8330345,3.5260675,13.449831
2013-07-18T09-08-36.708  -14.216237,4.4840755,10.88237
2013-07-18T09-08-36.730  -13.909675,4.790638,9.69444
2013-07-18T09-08-36.732  -13.488152,5.518724,7.931706
2013-07-18T09-08-36.733  -12.530144,5.2504816,6.5521746
2013-07-18T09-08-36.737  -12.798386,4.2541533,4.9427214
2013-07-18T09-08-36.745  -13.679752,3.7559893,1.3022919
2013-07-18T09-08-36.757  -13.641433,2.4147785,-1.265169
2013-07-18T09-08-36.761  -10.192604,0.23052064,-4.1391926
2013-07-18T09-08-36.778  -5.4408855,-2.0686982,-8.66099
2013-07-18T09-08-36.780  2.491419,-3.9463935,-11.26677
2013-07-18T09-08-36.799  11.994857,-4.023034,-14.064154
2013-07-18T09-08-36.801  19.160755,-5.134323,-17.091457
2013-07-18T09-08-36.818  19.543959,-5.8240886,-18.777552
2013-07-18T09-08-36.819  19.543959,-4.981042,-19.390676
2013-07-18T09-08-36.821  19.543959,-4.9044013,-19.543959
2013-07-18T09-08-36.825  19.543959,-5.479206,-19.467318
2013-07-18T09-08-36.841  19.543959,-5.97737,-16.899857
2013-07-18T09-08-36.843  19.543959,-5.6708074,-13.106146
2013-07-18T09-08-36.860  19.543959,-6.207292,-8.66099
2013-07-18T09-08-36.861  19.543959,-5.862409,-4.599036
2013-07-18T09-08-36.879  19.543959,-4.8660808,-0.4604425
2013-07-18T09-08-36.881  19.543959,-5.364245,1.8770965
2013-07-18T09-08-36.897  19.543959,-6.207292,2.4902215
2013-07-18T09-08-36.899  19.543959,-4.6744795,2.1453388
2013-07-18T09-08-36.900  19.543959,-3.9847138,2.1070185
2013-07-18T09-08-36.916  18.70091,-4.4828777,2.6051824
2013-07-18T09-08-36.917  14.409037,-4.5211983,3.409909
2013-07-18T09-08-36.921  9.235794,-2.911745,4.2912765
2013-07-18T09-08-36.929  3.9859114,-0.07604187,4.981042
2013-07-18T09-08-36.943  0.34548157,2.1848567,5.2109637
2013-07-18T09-08-36.946  -0.53588563,3.334466,5.134323
2013-07-18T09-08-36.963  -0.34428406,2.7979815,2.4902215
2013-07-18T09-08-36.964  -0.03772156,2.0315752,-3.1045442
2013-07-18T09-08-36.980  -1.4938934,0.767005,-9.580677
2013-07-18T09-08-36.982  -3.869753,0.03891907,-14.600637
2013-07-18T09-08-37.001  -6.628815,0.30716124,-17.47466
2013-07-18T09-08-37.002  -9.771081,-0.07604187,-18.47099
2013-07-18T09-08-37.004  -13.0666275,1.1118878,-17.704582
2013-07-18T09-08-37.010  -14.5227995,3.2578254,-15.443685
2013-07-18T09-08-37.029  -14.024635,3.2578254,-12.33974
2013-07-18T09-08-37.030  -12.03198,2.3764582,-10.960208
2013-07-18T09-08-37.045  -9.426198,1.6100519,-11.764935
2013-07-18T09-08-37.047  -5.900729,0.69036436,-13.106146
2013-07-18T09-08-37.050  -1.7621356,-1.3789325,-15.750247
2013-07-18T09-08-37.065  1.7250128,-3.7931123,-17.666264
2013-07-18T09-08-37.067  2.9512627,-4.7127995,-17.28306
2013-07-18T09-08-37.079  2.2614973,-4.75112,-14.409037
2013-07-18T09-08-37.082  0.95860654,-6.0540104,-12.1098175
2013-07-18T09-08-37.099  -1.9920574,-5.9390497,-8.77595
2013-07-18T09-08-37.100  -4.5211983,-4.023034,-3.219505
2013-07-18T09-08-37.117  -6.0540104,-4.061354,3.141667
2013-07-18T09-08-37.119  -5.2492843,-3.294948,9.426198
2013-07-18T09-08-37.132  -2.7967842,-2.1070185,12.913346
2013-07-18T09-08-37.133  -0.30596375,-1.685495,14.714401
2013-07-18T09-08-37.147  0.69036436,-2.0303779,15.82569
2013-07-18T09-08-37.148  0.72868466,-1.8387762,16.9753
2013-07-18T09-08-37.167  -0.34428406,-2.4902215,16.630417
2013-07-18T09-08-37.169  -2.3752606,-2.6051824,16.515455
2013-07-18T09-08-37.185  -4.5595183,-1.1490107,16.170572
2013-07-18T09-08-37.187  -5.2492843,-0.8807684,15.864011
2013-07-18T09-08-37.201  -5.134323,-1.7621356,14.56112
2013-07-18T09-08-37.204  -3.6015105,-1.8770965,13.33487
2013-07-18T09-08-37.205  5.987549E-4,-0.11436218,12.338542
2013-07-18T09-08-37.220  3.8709502,0.03891907,9.6178
2013-07-18T09-08-37.221  6.898255,-0.9574091,5.6324873
2013-07-18T09-08-37.226  8.431067,-0.30596375,0.7658075
2013-07-18T09-08-37.234  8.890911,1.1118878,-4.0242314
2013-07-18T09-08-37.246  10.308763,0.767005,-8.699309
2013-07-18T09-08-37.250  12.531341,0.30716124,-12.224778
2013-07-18T09-08-37.269  17.39802,0.61372375,-17.934505
2013-07-18T09-08-37.271  19.543959,-0.8807684,-19.543959
2013-07-18T09-08-37.289  19.543959,-1.1490107,-19.543959
2013-07-18T09-08-37.291  19.543959,-3.2183075,-19.543959
2013-07-18T09-08-37.293  19.543959,-4.406237,-19.543959
2013-07-18T09-08-37.299  19.543959,-2.4519012,-19.543959
2013-07-18T09-08-37.315  19.543959,-2.911745,-19.543959
2013-07-18T09-08-37.317  19.543959,-5.019362,-19.543959
2013-07-18T09-08-37.334  19.543959,-5.2492843,-15.482005
2013-07-18T09-08-37.335  17.168098,-2.9500654,-5.0972004
2013-07-18T09-08-37.352  12.186459,-0.8041278,3.0650263
2013-07-18T09-08-37.354  7.358099,-0.8807684,5.6324873
2013-07-18T09-08-37.356  3.1428645,-1.4555731,4.137995
2013-07-18T09-08-37.368  0.11555969,-0.4975653,1.7238153
2013-07-18T09-08-37.371  -1.7621356,-1.3022919,1.2639716
2013-07-18T09-08-37.384  -3.4865496,-1.7621356,3.9847138
2013-07-18T09-08-37.387  -6.0540104,-0.4975653,8.123307
2013-07-18T09-08-37.400  -8.621471,0.88196594,13.488152
2013-07-18T09-08-37.403  -12.453503,2.989583,18.04827
2013-07-18T09-08-37.425  -16.477135,5.4420834,19.581081
2013-07-18T09-08-37.426  -17.665066,6.5916924,19.581081
2013-07-18T09-08-37.427  -15.71073,4.7139974,19.581081
2013-07-18T09-08-37.435  -12.798386,3.0279036,19.581081
2013-07-18T09-08-37.450  -8.851394,1.8016534,19.044596
2013-07-18T09-08-37.452  -4.214636,-0.34428406,13.258229
2013-07-18T09-08-37.476  0.49876282,-2.1070185,5.9390497
2013-07-18T09-08-37.477  3.83263,-3.8314326,-0.49876282
2013-07-18T09-08-37.479  7.8562627,-4.75112,-5.786966
2013-07-18T09-08-37.483  12.41638,-4.0996747,-8.77595
2013-07-18T09-08-37.503  18.164427,-3.294948,-9.197474
2013-07-18T09-08-37.504  19.543959,-3.294948,-8.77595
2013-07-18T09-08-37.509  19.543959,-3.1033466,-9.580677
2013-07-18T09-08-37.526  19.543959,-3.0650263,-13.144466
2013-07-18T09-08-37.528  19.543959,-3.4865496,-17.168098
2013-07-18T09-08-37.531  19.543959,-4.367917,-19.543959
2013-07-18T09-08-37.539  19.543959,-3.6781511,-19.543959
2013-07-18T09-08-37.552  19.543959,-3.869753,-18.70091
2013-07-18T09-08-37.556  19.543959,-3.9463935,-13.412708
2013-07-18T09-08-37.572  19.543959,-3.2183075,-7.894583
2013-07-18T09-08-37.574  19.505638,-2.7584639,-4.1775126
2013-07-18T09-08-37.589  16.784895,-1.9920574,-3.0662239
2013-07-18T09-08-37.591  13.029505,-0.9190887,-3.0662239
2013-07-18T09-08-37.607  10.078841,-0.30596375,-2.3764582
2013-07-18T09-08-37.610  8.890911,-0.11436218,-1.265169
2013-07-18T09-08-37.622  9.120833,-0.07604187,-0.57540345
2013-07-18T09-08-37.623  9.92556,-0.22932312,-0.95860654
2013-07-18T09-08-37.644  11.381732,-0.61252624,-1.7250128
2013-07-18T09-08-37.645  12.071497,-3.2566278,-4.1775126
2013-07-18T09-08-37.647  10.270443,-5.517526,-8.814271
2013-07-18T09-08-37.652  7.243138,-5.0576825,-13.106146
2013-07-18T09-08-37.675  4.5223956,-4.75112,-14.83056
2013-07-18T09-08-37.676  2.9129424,-4.8277607,-13.949192
2013-07-18T09-08-37.678  1.7250128,-4.367917,-12.4547
2013-07-18T09-08-37.695  1.0352472,-2.413581,-11.956536
2013-07-18T09-08-37.696  2.6447003,-1.4555731,-13.489348
2013-07-18T09-08-37.709  5.7103252,-1.4555731,-18.432669
2013-07-18T09-08-37.712  8.890911,-1.2256513,-19.543959
2013-07-18T09-08-37.727  11.496693,-0.9957294,-19.543959
2013-07-18T09-08-37.730  13.259427,-3.2566278,-19.543959
2013-07-18T09-08-37.746  12.186459,-4.597839,-19.543959
2013-07-18T09-08-37.748  9.465716,-4.6744795,-19.543959
2013-07-18T09-08-37.749  6.783294,-6.0540104,-19.543959
2013-07-18T09-08-37.756  4.5223956,-6.3605733,-19.543959
2013-07-18T09-08-37.773  2.491419,-7.0886593,-19.543959
2013-07-18T09-08-37.775  1.6866925,-6.7437763,-19.543959
2013-07-18T09-08-37.791  1.38013,-7.4718623,-19.543959
2013-07-18T09-08-37.792  2.0315752,-9.081315,-18.815872
2013-07-18T09-08-37.809  2.3381379,-10.001003,-15.520326
2013-07-18T09-08-37.811  2.60638,-11.073972,-12.33974
2013-07-18T09-08-37.813  2.874622,-11.9553385,-9.159153
2013-07-18T09-08-37.832  1.6866925,-12.338542,-4.6373568
2013-07-18T09-08-37.833  1.7250128,-12.989987,2.5285418
2013-07-18T09-08-37.837  0.49876282,-12.721745,10.729089
2013-07-18T09-08-37.845  -1.685495,-11.150612,18.891315
2013-07-18T09-08-37.864  -5.4025655,-7.970026,19.581081
2013-07-18T09-08-37.865  -8.42987,-5.7857685,19.581081
2013-07-18T09-08-37.879  -10.001003,-4.597839,19.581081
2013-07-18T09-08-37.881  -9.464519,-5.134323,19.581081
2013-07-18T09-08-37.895  -8.161628,-4.8660808,19.581081
2013-07-18T09-08-37.896  -6.9353776,-3.5631902,19.581081
2013-07-18T09-08-37.912  -4.8277607,-2.911745,19.581081
2013-07-18T09-08-37.913  -0.9190887,-1.4555731,19.581081
2013-07-18T09-08-37.927  2.4530988,-1.07237,19.581081
2013-07-18T09-08-37.928  4.292474,-0.7658075,19.581081
2013-07-18T09-08-37.944  3.717669,-0.30596375,19.581081
2013-07-18T09-08-37.945  2.1465364,-0.07604187,19.581081
2013-07-18T09-08-37.960  0.84364563,-0.57420594,19.581081
2013-07-18T09-08-37.962  0.49876282,-1.0340496,19.159557
2013-07-18T09-08-37.982  1.4567707,-1.187331,16.860338
2013-07-18T09-08-37.984  3.7559893,-2.183659,13.41151
2013-07-18T09-08-37.985  7.5497003,-3.3332684,9.771081
2013-07-18T09-08-37.998  11.381732,-4.0996747,5.6708074
2013-07-18T09-08-37.999  14.217435,-4.406237,3.409909
2013-07-18T09-08-38.015  16.21009,-6.092331,0.03772156
2013-07-18T09-08-38.018  16.631615,-6.207292,-3.602708
2013-07-18T09-08-38.030  16.21009,-7.0886593,-7.588021
2013-07-18T09-08-38.031  15.443685,-9.119636,-12.914544
2013-07-18T09-08-38.050  14.485677,-9.004675,-18.049465
2013-07-18T09-08-38.052  14.102474,-8.3532295,-19.543959
2013-07-18T09-08-38.066  15.0221615,-9.004675,-19.543959
2013-07-18T09-08-38.067  16.13345,-10.001003,-19.543959
2013-07-18T09-08-38.082  16.823215,-10.307566,-19.543959
2013-07-18T09-08-38.087  18.624271,-10.690768,-19.543959
2013-07-18T09-08-38.106  19.543959,-11.342214,-19.543959
2013-07-18T09-08-38.107  19.543959,-12.0703,-19.543959
2013-07-18T09-08-38.108  19.543959,-12.875027,-19.543959
2013-07-18T09-08-38.110  19.543959,-13.104948,-19.543959
2013-07-18T09-08-38.117  19.543959,-13.718073,-19.543959
2013-07-18T09-08-38.132  19.543959,-13.909675,-19.543959
2013-07-18T09-08-38.134  19.543959,-13.718073,-19.543959
2013-07-18T09-08-38.146  19.543959,-14.791042,-19.543959
2013-07-18T09-08-38.150  19.543959,-14.982643,-19.543959
2013-07-18T09-08-38.169  19.543959,-14.599441,-17.704582
2013-07-18T09-08-38.171  19.543959,-14.906003,-9.580677
2013-07-18T09-08-38.187  19.543959,-14.944324,-1.6483722
2013-07-18T09-08-38.189  19.543959,-13.679752,5.6708074
2013-07-18T09-08-38.191  19.543959,-13.718073,11.188932
2013-07-18T09-08-38.198  19.543959,-13.258229,16.017292
2013-07-18T09-08-38.222  19.505638,-12.376863,19.31284
2013-07-18T09-08-38.223  17.47466,-11.840378,19.581081
2013-07-18T09-08-38.225  13.489348,-10.88237,19.581081
2013-07-18T09-08-38.230  8.699309,-9.157956,19.581081
2013-07-18T09-08-38.250  4.100872,-6.245612,19.581081
2013-07-18T09-08-38.252  0.15388,-2.6435027,19.581081
2013-07-18T09-08-38.268  -2.413581,0.8053253,19.581081
2013-07-18T09-08-38.270  -3.52487,3.7559893,19.581081
2013-07-18T09-08-38.271  -2.9883857,4.828958,19.581081
2013-07-18T09-08-38.283  -1.5705341,4.100872,19.581081
2013-07-18T09-08-38.286  -0.65084654,3.7943096,19.581081
2013-07-18T09-08-38.300  -0.61252624,3.717669,17.473463
2013-07-18T09-08-38.302  -0.30596375,3.5643878,13.181589
2013-07-18T09-08-38.316  0.26884094,3.0662239,9.771081
2013-07-18T09-08-38.318  0.767005,3.219505,7.6634636
2013-07-18T09-08-38.333  1.9549347,3.219505,5.019362
2013-07-18T09-08-38.335  3.334466,3.1045442,3.1799872
2013-07-18T09-08-38.356  5.05888,2.9129424,1.2256513
2013-07-18T09-08-38.357  6.9748955,2.491419,-0.8053253
2013-07-18T09-08-38.371  8.277786,2.1848567,-2.9512627
2013-07-18T09-08-38.373  8.967552,1.8782941,-4.4840755
2013-07-18T09-08-38.387  9.504036,1.2268487,-5.5953646
2013-07-18T09-08-38.388  9.618998,1.38013,-5.8636065
2013-07-18T09-08-38.405  9.580677,1.4184504,-5.2504816
2013-07-18T09-08-38.408  9.657317,1.4567707,-4.560716
2013-07-18T09-08-38.426  10.117161,1.265169,-3.4877472
2013-07-18T09-08-38.427  10.577005,1.2268487,-2.721341
2013-07-18T09-08-38.429  10.691966,0.92028624,-2.2998176
2013-07-18T09-08-38.431  10.385404,1.0735675,-2.108216
2013-07-18T09-08-38.439  9.810598,1.3418097,-1.9549347
2013-07-18T09-08-38.451  9.389075,1.3034893,-1.495091
2013-07-18T09-08-38.455  8.469388,1.4567707,-0.767005
2013-07-18T09-08-38.475  7.971224,1.7250128,-0.15388
2013-07-18T09-08-38.476  7.8562627,1.7633331,0.4209247
2013-07-18T09-08-38.492  8.0861845,1.8782941,0.4209247
2013-07-18T09-08-38.493  8.507709,2.0315752,0.57420594
2013-07-18T09-08-38.495  8.967552,2.3764582,0.459245
2013-07-18T09-08-38.503  8.814271,2.2614973,0.1910028
2013-07-18T09-08-38.525  8.507709,2.3381379,0.30596375
2013-07-18T09-08-38.526  8.162826,2.5297394,0.4975653
2013-07-18T09-08-38.528  7.8179426,2.491419,1.0340496
2013-07-18T09-08-38.535  7.3197784,2.5297394,1.3789325
2013-07-18T09-08-38.554  6.898255,2.8363018,1.8770965
2013-07-18T09-08-38.556  7.0898566,2.6830206,2.4519012
2013-07-18T09-08-38.577  7.358099,3.334466,3.2566278
2013-07-18T09-08-38.578  8.009544,3.6410284,4.0996747
2013-07-18T09-08-38.580  8.967552,3.6410284,4.8277607
2013-07-18T09-08-38.596  9.235794,3.2578254,3.9080732
2013-07-18T09-08-38.598  9.695638,3.2578254,3.1799872
2013-07-18T09-08-38.600  9.848919,3.1045442,2.7584639
2013-07-18T09-08-38.608  9.810598,3.2578254,2.4902215
2013-07-18T09-08-38.627  9.389075,3.0279036,2.8734248
2013-07-18T09-08-38.629  9.082513,3.4111066,3.2183075
2013-07-18T09-08-38.648  8.852591,3.7559893,3.52487
2013-07-18T09-08-38.650  8.73763,3.602708,3.7164717
2013-07-18T09-08-38.651  8.814271,3.4111066,3.409909
2013-07-18T09-08-38.656  9.120833,3.3727863,3.2566278
2013-07-18T09-08-38.673  9.082513,3.3727863,3.409909
2013-07-18T09-08-38.675  9.120833,3.2961457,3.3715887
2013-07-18T09-08-38.690  8.814271,2.989583,3.52487
2013-07-18T09-08-38.692  8.469388,3.219505,3.3715887
2013-07-18T09-08-38.707  8.201145,3.334466,3.1799872
2013-07-18T09-08-38.709  8.392747,3.1428645,3.3332684
2013-07-18T09-08-38.728  8.546028,3.0279036,3.409909
2013-07-18T09-08-38.730  8.699309,2.989583,3.1799872
2013-07-18T09-08-38.732  8.584349,2.9129424,3.026706
2013-07-18T09-08-38.748  8.316107,2.7596612,2.7584639
2013-07-18T09-08-38.749  8.047864,2.7596612,2.7967842
2013-07-18T09-08-38.762  7.8179426,2.989583,2.911745
2013-07-18T09-08-38.763  7.779622,2.8363018,3.026706
2013-07-18T09-08-38.778  7.4730597,3.1428645,3.1033466
2013-07-18T09-08-38.779  7.588021,3.0662239,2.9883857
2013-07-18T09-08-38.793  7.8179426,3.1811848,2.8351045
2013-07-18T09-08-38.794  8.009544,3.1811848,2.6435027
2013-07-18T09-08-38.812  8.316107,2.989583,2.2219794
2013-07-18T09-08-38.813  8.162826,3.0279036,1.8770965
2013-07-18T09-08-38.829  8.392747,2.9512627,1.8770965
2013-07-18T09-08-38.830  8.431067,3.0662239,2.1453388
2013-07-18T09-08-38.844  8.277786,2.7596612,1.8770965
2013-07-18T09-08-38.845  8.0861845,3.1045442,1.8387762
2013-07-18T09-08-38.862  8.047864,2.7596612,2.1070185
2013-07-18T09-08-38.863  8.0861845,2.7979815,2.413581
2013-07-18T09-08-38.882  8.124505,2.8363018,2.3752606
2013-07-18T09-08-38.889  8.0861845,2.8363018,2.413581
2013-07-18T09-08-38.890  8.0861845,2.9129424,2.4902215
2013-07-18T09-08-38.905  8.392747,2.7979815,2.3369403
2013-07-18T09-08-38.907  8.162826,2.721341,2.413581
2013-07-18T09-08-38.908  7.8179426,2.7596612,2.6051824
2013-07-18T09-08-38.913  7.7029815,3.0662239,3.026706
2013-07-18T09-08-38.929  7.9329033,2.8363018,3.2183075
2013-07-18T09-08-38.930  8.239466,2.874622,3.294948
2013-07-18T09-08-38.953  8.316107,2.989583,2.9883857
2013-07-18T09-08-38.955  8.316107,2.7979815,2.5285418
2013-07-18T09-08-38.956  8.239466,2.721341,2.183659
2013-07-18T09-08-38.961  8.047864,2.9129424,2.2219794
2013-07-18T09-08-38.983  7.9329033,2.8363018,2.29862
2013-07-18T09-08-38.985  7.626341,2.6830206,2.1453388
2013-07-18T09-08-39.002  7.243138,2.2998176,1.6471747
2013-07-18T09-08-39.003  6.8216143,2.6830206,1.7238153
2013-07-18T09-08-39.005  6.630013,2.60638,1.9920574
2013-07-18T09-08-39.009  6.515052,2.7596612,2.4519012
2013-07-18T09-08-39.034  6.3617706,2.4530988,2.7967842
2013-07-18T09-08-39.036  6.0935283,2.491419,3.141667
2013-07-18T09-08-39.037  5.940247,2.3381379,3.8314326
2013-07-18T09-08-39.051  5.4420834,1.8016534,4.5211983
2013-07-18T09-08-39.052  4.4840755,1.8399738,5.134323
2013-07-18T09-08-39.057  3.449427,1.6866925,5.9390497
2013-07-18T09-08-39.065  2.3381379,1.6866925,6.973698
2013-07-18T09-08-39.083  1.2268487,1.6483722,7.4718623
2013-07-18T09-08-39.084  0.49876282,2.1465364,7.8550653
2013-07-18T09-08-39.096  -0.22932312,2.223177,8.621471
2013-07-18T09-08-39.098  -1.0340496,2.1848567,8.659792
2013-07-18T09-08-39.114  -1.7238153,2.223177,8.774753
2013-07-18T09-08-39.115  -1.6471747,2.1848567,8.889713
2013-07-18T09-08-39.133  -1.7238153,1.8016534,9.004675
2013-07-18T09-08-39.135  -2.1453388,1.5334113,8.6981125
