2013-07-18T09-08-45.036  -12.14694,-7.012018,-17.32138
2013-07-18T09-08-45.063  -16.208893,-7.8550653,3.869753
2013-07-18T09-08-45.065  -17.894987,-8.46819,2.0303779
2013-07-18T09-08-45.093  -17.971628,-8.39155,0.7658075
2013-07-18T09-08-45.095  -17.741707,-8.008347,-0.69036436
2013-07-18T09-08-45.097  -16.208893,-8.889713,-2.7596612
2013-07-18T09-08-45.098  -14.906003,-9.081315,-4.675677
2013-07-18T09-08-45.100  -13.104948,-8.813073,-4.100872
2013-07-18T09-08-45.101  -12.223581,-8.621471,-7.626341
2013-07-18T09-08-45.104  -12.530144,-8.238269,-7.0898566
2013-07-18T09-08-45.127  -12.721745,-7.0886593,-7.7029815
2013-07-18T09-08-45.129  -12.338542,-6.6671357,-10.577005
2013-07-18T09-08-45.130  -11.840378,-6.858737,-10.270443
2013-07-18T09-08-45.134  -11.457174,-7.20362,-11.649974
2013-07-18T09-08-45.154  -10.805729,-7.2802606,-12.4547
2013-07-18T09-08-45.156  -10.652448,-7.1653,-10.883568
2013-07-18T09-08-45.173  -9.119636,-4.9427214,-9.695638
2013-07-18T09-08-45.174  -5.0960026,-3.3715887,-8.507709
2013-07-18T09-08-45.175  0.23052064,-2.1453388,-7.5497003
2013-07-18T09-08-45.182  6.2468095,-1.1490107,-9.96388
2013-07-18T09-08-45.210  11.918216,-1.685495,-13.144466
2013-07-18T09-08-45.211  17.053139,-2.566862,-16.17177
2013-07-18T09-08-45.213  19.428997,-2.8734248,-18.011147
2013-07-18T09-08-45.215  19.543959,-2.3752606,-16.516653
2013-07-18T09-08-45.238  19.543959,-1.3789325,-14.715599
2013-07-18T09-08-45.240  19.543959,5.987549E-4,-12.837903
2013-07-18T09-08-45.242  19.543959,0.767005,-10.538685
2013-07-18T09-08-45.259  19.543959,-0.07604187,-8.852591
2013-07-18T09-08-45.261  19.543959,-1.3789325,-6.32345
2013-07-18T09-08-45.285  19.543959,-0.7658075,-1.0352472
2013-07-18T09-08-45.287  19.543959,-0.34428406,5.0576825
2013-07-18T09-08-45.289  19.543959,0.65204406,10.959011
2013-07-18T09-08-45.291  19.543959,1.495091,15.442487
2013-07-18T09-08-45.305  19.543959,2.3381379,16.630417
2013-07-18T09-08-45.307  19.543959,2.223177,16.553776
2013-07-18T09-08-45.327  19.543959,2.223177,16.553776
2013-07-18T09-08-45.328  19.543959,2.3381379,15.135924
2013-07-18T09-08-45.330  19.045794,0.03891907,14.906003
2013-07-18T09-08-45.336  14.294075,-0.68916684,14.676081
2013-07-18T09-08-45.360  8.622669,0.65204406,14.906003
2013-07-18T09-08-45.362  3.449427,2.2998176,14.982643
2013-07-18T09-08-45.387  -0.26764342,4.1391926,13.871354
2013-07-18T09-08-45.389  -2.566862,5.212161,12.10862
2013-07-18T09-08-45.408  -3.8314326,5.557044,9.464519
2013-07-18T09-08-45.410  -3.52487,4.4840755,6.0156903
2013-07-18T09-08-45.411  -2.1453388,2.8363018,2.0303779
2013-07-18T09-08-45.412  -0.8807684,0.65204406,-2.874622
2013-07-18T09-08-45.413  0.4604425,-0.61252624,-6.5533724
2013-07-18T09-08-45.424  1.4184504,-1.2639716,-9.695638
2013-07-18T09-08-45.425  2.108216,-2.8734248,-14.102474
2013-07-18T09-08-45.440  1.9166144,-4.75112,-18.202747
2013-07-18T09-08-45.441  1.4184504,-4.252956,-19.543959
2013-07-18T09-08-45.457  0.88196594,-2.9500654,-19.543959
2013-07-18T09-08-45.458  0.95860654,-2.6051824,-19.543959
2013-07-18T09-08-45.472  2.2998176,-2.4902215,-19.543959
2013-07-18T09-08-45.473  4.0242314,-2.681823,-19.543959
2013-07-18T09-08-45.491  5.212161,-2.3752606,-19.543959
2013-07-18T09-08-45.492  6.438411,-2.2219794,-19.543959
2013-07-18T09-08-45.509  7.741302,-2.7201433,-19.543959
2013-07-18T09-08-45.511  7.9329033,-3.294948,-19.543959
2013-07-18T09-08-45.523  8.469388,-3.9847138,-19.543959
2013-07-18T09-08-45.524  9.197474,-4.9044013,-19.543959
2013-07-18T09-08-45.542  10.462044,-5.7857685,-19.543959
2013-07-18T09-08-45.543  10.883568,-4.7127995,-19.543959
2013-07-18T09-08-45.545  11.113489,-4.023034,-19.275717
2013-07-18T09-08-45.560  11.496693,-3.3332684,-15.137122
2013-07-18T09-08-45.563  11.458372,-2.681823,-9.772279
2013-07-18T09-08-45.574  11.535013,-0.68916684,-5.786966
2013-07-18T09-08-45.576  12.531341,0.38380188,-2.7979815
2013-07-18T09-08-45.592  12.646302,0.65204406,-0.26884094
2013-07-18T09-08-45.593  12.991184,0.26884094,1.8387762
2013-07-18T09-08-45.611  12.186459,0.19220032,3.1799872
2013-07-18T09-08-45.612  10.730287,-0.26764342,5.2876043
2013-07-18T09-08-45.633  7.4347396,-0.57420594,8.199948
2013-07-18T09-08-45.634  3.0279036,0.767005,10.345885
2013-07-18T09-08-45.635  -2.1453388,2.3381379,12.261901
2013-07-18T09-08-45.640  -6.973698,3.9092705,13.947995
2013-07-18T09-08-45.661  -9.886042,4.445755,15.097605
2013-07-18T09-08-45.662  -11.418855,4.2541533,15.135924
2013-07-18T09-08-45.685  -10.959011,3.6410284,14.752722
2013-07-18T09-08-45.686  -8.506511,2.4147785,12.836706
2013-07-18T09-08-45.687  -6.475534,0.84364563,9.847721
2013-07-18T09-08-45.689  -5.9390497,0.15388,5.134323
2013-07-18T09-08-45.696  -6.0540104,0.19220032,0.9574091
2013-07-18T09-08-45.713  -4.981042,-0.57420594,-1.8016534
2013-07-18T09-08-45.715  -1.5322137,-1.5705341,-0.8053253
2013-07-18T09-08-45.731  3.7943096,-1.07237,1.5705341
2013-07-18T09-08-45.733  8.239466,-1.2639716,2.29862
2013-07-18T09-08-45.752  12.876224,-1.3789325,1.2639716
2013-07-18T09-08-45.754  17.24474,0.34548157,-3.1428645
2013-07-18T09-08-45.772  19.543959,0.92028624,-7.243138
2013-07-18T09-08-45.774  19.543959,1.4567707,-10.232122
2013-07-18T09-08-45.775  19.543959,2.6830206,-11.726614
2013-07-18T09-08-45.776  19.543959,3.334466,-12.531341
2013-07-18T09-08-45.794  19.543959,3.4111066,-13.182786
2013-07-18T09-08-45.795  19.543959,3.3727863,-13.336067
2013-07-18T09-08-45.813  19.543959,2.5680597,-13.68095
2013-07-18T09-08-45.814  19.543959,1.4567707,-13.949192
2013-07-18T09-08-45.835  19.543959,0.4604425,-14.6772785
2013-07-18T09-08-45.836  19.543959,-1.7621356,-14.83056
2013-07-18T09-08-45.838  19.543959,-3.2566278,-13.68095
2013-07-18T09-08-45.858  19.543959,-2.911745,-11.841576
2013-07-18T09-08-45.860  18.739231,-2.5285418,-9.465716
2013-07-18T09-08-45.861  15.482005,-2.3752606,-6.630013
2013-07-18T09-08-45.865  12.1098175,-2.413581,-3.9092705
2013-07-18T09-08-45.890  8.73763,-2.0686982,-1.5717316
2013-07-18T09-08-45.892  5.8636065,-2.3752606,0.68916684
2013-07-18T09-08-45.893  2.3764582,-4.0996747,2.4519012
2013-07-18T09-08-45.897  -3.2566278,-4.6744795,3.5631902
2013-07-18T09-08-45.915  -11.303893,-2.5285418,4.981042
2013-07-18T09-08-45.916  -18.163229,0.95860654,7.012018
2013-07-18T09-08-45.940  -19.581081,4.0242314,9.004675
2013-07-18T09-08-45.941  -19.581081,6.055208,10.384206
2013-07-18T09-08-45.942  -19.581081,4.943919,11.457174
2013-07-18T09-08-45.945  -19.389479,2.3764582,10.959011
2013-07-18T09-08-45.970  -15.71073,0.72868466,8.314909
2013-07-18T09-08-45.971  -11.2655735,-0.53588563,4.1763153
2013-07-18T09-08-45.987  -7.6251435,-1.07237,-0.61372375
2013-07-18T09-08-45.988  -4.214636,-2.3752606,-4.4074345
2013-07-18T09-08-46.000  -0.30596375,-3.141667,-6.668333
2013-07-18T09-08-46.003  3.4111066,-3.4865496,-9.120833
2013-07-18T09-08-46.005  5.403763,-4.061354,-12.186459
2013-07-18T09-08-46.023  7.281458,-3.6781511,-15.290403
2013-07-18T09-08-46.024  10.883568,-2.5285418,-16.708256
2013-07-18T09-08-46.025  16.708256,-2.2219794,-17.704582
2013-07-18T09-08-46.033  19.543959,-2.29862,-18.317709
2013-07-18T09-08-46.060  19.543959,-2.183659,-18.930834
2013-07-18T09-08-46.062  19.543959,-1.7238153,-19.467318
2013-07-18T09-08-46.063  19.543959,-0.4209247,-19.543959
2013-07-18T09-08-46.065  19.543959,-0.34428406,-19.084114
2013-07-18T09-08-46.084  19.543959,-3.0650263,-17.512981
2013-07-18T09-08-46.085  19.543959,-4.8277607,-15.980169
2013-07-18T09-08-46.103  19.543959,-4.5211983,-14.140794
2013-07-18T09-08-46.106  19.045794,-3.7931123,-11.956536
2013-07-18T09-08-46.124  15.865208,-3.6015105,-10.193802
2013-07-18T09-08-46.125  12.876224,-2.7967842,-7.779622
2013-07-18T09-08-46.126  11.649974,-1.3789325,-5.403763
2013-07-18T09-08-46.130  11.918216,-0.61252624,-3.2578254
2013-07-18T09-08-46.138  12.607982,-0.4209247,-1.9549347
2013-07-18T09-08-46.152  13.489348,-0.26764342,-1.0352472
2013-07-18T09-08-46.154  13.489348,-0.57420594,-0.49876282
2013-07-18T09-08-46.173  12.263099,-2.2602997,0.4975653
2013-07-18T09-08-46.175  8.392747,-3.6398308,2.2219794
2013-07-18T09-08-46.178  2.5297394,-2.8734248,5.2492843
2013-07-18T09-08-46.186  -3.7164717,-1.1106904,9.349558
2013-07-18T09-08-46.209  -9.579479,1.4184504,14.139597
2013-07-18T09-08-46.211  -14.446159,3.602708,18.738033
2013-07-18T09-08-46.212  -17.358503,5.1355205,19.581081
2013-07-18T09-08-46.218  -17.626745,5.2888017,19.581081
2013-07-18T09-08-46.242  -16.362175,4.5223956,19.581081
2013-07-18T09-08-46.244  -13.871354,3.4877472,18.661394
2013-07-18T09-08-46.263  -10.230925,2.1848567,15.327526
2013-07-18T09-08-46.264  -6.3988934,0.30716124,12.338542
2013-07-18T09-08-46.266  -3.0650263,-1.4172528,9.349558
2013-07-18T09-08-46.268  -0.8424481,-4.061354,4.8660808
2013-07-18T09-08-46.289  0.34548157,-5.364245,-0.49876282
2013-07-18T09-08-46.292  1.5334113,-6.2839327,-6.32345
2013-07-18T09-08-46.306  2.1465364,-6.628815,-10.270443
2013-07-18T09-08-46.309  3.3727863,-5.2876043,-12.531341
2013-07-18T09-08-46.310  5.557044,-4.75112,-13.182786
2013-07-18T09-08-46.326  10.0022,-4.8660808,-12.301419
2013-07-18T09-08-46.327  15.865208,-3.52487,-13.64263
2013-07-18T09-08-46.331  19.505638,-3.6015105,-16.13345
2013-07-18T09-08-46.339  19.543959,-3.9847138,-18.70091
2013-07-18T09-08-46.353  19.543959,-3.1799872,-19.543959
2013-07-18T09-08-46.355  19.543959,-1.8004559,-19.543959
2013-07-18T09-08-46.371  19.543959,-3.3715887,-19.543959
2013-07-18T09-08-46.372  19.543959,-6.6671357,-19.543959
2013-07-18T09-08-46.387  19.543959,-10.1542845,-19.543959
2013-07-18T09-08-46.389  19.543959,-9.579479,-19.543959
2013-07-18T09-08-46.407  19.543959,-9.579479,-19.543959
2013-07-18T09-08-46.409  19.543959,-10.001003,-17.627943
2013-07-18T09-08-46.424  19.199076,-9.464519,-11.19013
2013-07-18T09-08-46.425  16.248411,-7.5101824,-3.602708
2013-07-18T09-08-46.441  12.799583,-5.4025655,4.75112
2013-07-18T09-08-46.444  8.852591,-4.137995,10.537487
2013-07-18T09-08-46.445  3.4111066,-5.325925,13.947995
2013-07-18T09-08-46.457  -4.5211983,-7.2419405,14.791042
2013-07-18T09-08-46.459  -14.599441,-7.0886593,14.139597
2013-07-18T09-08-46.478  -19.581081,-1.4172528,14.369518
2013-07-18T09-08-46.479  -19.581081,4.445755,15.174245
2013-07-18T09-08-46.483  -19.581081,5.173841,13.986316
2013-07-18T09-08-46.491  -19.581081,1.7633331,11.725417
2013-07-18T09-08-46.505  -19.389479,-0.26764342,8.621471
2013-07-18T09-08-46.507  -14.867682,-2.2602997,4.78944
2013-07-18T09-08-46.531  -8.774753,-3.1799872,1.9537371
2013-07-18T09-08-46.533  -2.3752606,-2.3752606,-1.495091
2013-07-18T09-08-46.534  3.9859114,-3.1799872,-5.9785676
2013-07-18T09-08-46.539  9.504036,-3.9847138,-12.071497
2013-07-18T09-08-46.562  14.638958,-3.7164717,-17.43634
2013-07-18T09-08-46.564  19.237396,-3.1033466,-19.543959
2013-07-18T09-08-46.579  19.543959,-3.1033466,-19.543959
2013-07-18T09-08-46.580  19.543959,-2.7584639,-19.543959
2013-07-18T09-08-46.592  19.543959,-0.8807684,-18.815872
2013-07-18T09-08-46.593  19.543959,-0.459245,-15.980169
2013-07-18T09-08-46.611  19.543959,-1.7621356,-13.106146
2013-07-18T09-08-46.613  19.543959,-2.413581,-10.193802
2013-07-18T09-08-46.614  19.543959,-1.3022919,-7.894583
2013-07-18T09-08-46.629  19.543959,-0.9574091,-5.212161
2013-07-18T09-08-46.631  19.543959,-0.9190887,-2.4147785
2013-07-18T09-08-46.647  19.543959,-1.7621356,-0.30716124
2013-07-18T09-08-46.648  19.543959,-1.8004559,0.61252624
2013-07-18T09-08-46.662  19.543959,-1.7238153,1.9537371
2013-07-18T09-08-46.663  19.543959,-1.9920574,3.6781511
2013-07-18T09-08-46.678  19.160755,-3.2566278,5.4025655
2013-07-18T09-08-46.679  16.363373,-3.0650263,7.931706
2013-07-18T09-08-46.695  13.412708,-0.7658075,9.771081
2013-07-18T09-08-46.696  11.573333,0.4604425,10.614128
2013-07-18T09-08-46.712  10.117161,-0.34428406,9.579479
2013-07-18T09-08-46.713  7.626341,-0.7658075,7.0886593
2013-07-18T09-08-46.728  4.5223956,5.987549E-4,4.3295965
2013-07-18T09-08-46.729  1.8399738,-0.459245,-1.1502081
2013-07-18T09-08-46.745  -1.3406122,-2.7584639,-7.626341
2013-07-18T09-08-46.746  -5.134323,-2.29862,-12.224778
2013-07-18T09-08-46.749  -8.46819,-0.7658075,-15.443685
2013-07-18T09-08-46.761  -9.73276,-1.1490107,-18.432669
2013-07-18T09-08-46.764  -10.077643,-2.8734248,-19.543959
2013-07-18T09-08-46.778  -11.2655735,-3.6398308,-19.543959
2013-07-18T09-08-46.780  -12.0703,-2.9500654,-19.543959
2013-07-18T09-08-46.794  -11.188932,-4.4828777,-19.543959
2013-07-18T09-08-46.796  -9.65612,-6.858737,-19.543959
2013-07-18T09-08-46.815  -7.816745,-8.123307,-19.543959
2013-07-18T09-08-46.818  -6.1306515,-8.966354,-19.543959
2013-07-18T09-08-46.845  -3.6781511,-9.502839,-19.543959
2013-07-18T09-08-46.847  -2.0686982,-9.426198,-19.543959
2013-07-18T09-08-46.849  -1.07237,-8.39155,-16.286732
2013-07-18T09-08-46.850  -1.2639716,-8.199948,-11.535013
2013-07-18T09-08-46.870  -1.4172528,-8.544831,-7.741302
2013-07-18T09-08-46.871  -2.5285418,-9.311237,-5.02056
2013-07-18T09-08-46.872  -3.52487,-10.345885,-0.49876282
2013-07-18T09-08-46.877  -3.6015105,-9.847721,5.862409
2013-07-18T09-08-46.902  -3.7931123,-8.314909,14.216237
2013-07-18T09-08-46.903  -4.5595183,-6.092331,19.581081
2013-07-18T09-08-46.904  -5.8240886,-4.0996747,19.581081
2013-07-18T09-08-46.918  -6.820417,-2.5285418,19.581081
2013-07-18T09-08-46.920  -6.8970575,-1.7238153,19.581081
2013-07-18T09-08-46.933  -6.1306515,-1.5705341,19.581081
2013-07-18T09-08-46.935  -4.252956,-0.9574091,19.581081
2013-07-18T09-08-46.949  -1.9920574,-0.38260436,19.581081
2013-07-18T09-08-46.951  -0.26764342,-1.0340496,19.581081
2013-07-18T09-08-46.966  -0.11436218,-1.685495,19.581081
2013-07-18T09-08-46.967  -0.9957294,-1.3022919,18.852995
2013-07-18T09-08-46.985  -1.4938934,-0.68916684,15.902331
2013-07-18T09-08-46.987  -1.4555731,-0.07604187,13.564792
2013-07-18T09-08-47.004  -0.1526825,0.4604425,11.993659
2013-07-18T09-08-47.006  2.1465364,0.95860654,11.150612
2013-07-18T09-08-47.008  4.8672786,1.5334113,9.8094015
2013-07-18T09-08-47.013  7.396419,1.5334113,8.084988
2013-07-18T09-08-47.034  9.5423565,0.26884094,4.8277607
2013-07-18T09-08-47.036  10.462044,-0.8041278,0.38260436
2013-07-18T09-08-47.050  10.423724,-1.1106904,-4.4074345
2013-07-18T09-08-47.051  9.350755,-0.459245,-6.9748955
2013-07-18T09-08-47.054  7.8179426,0.53708315,-7.894583
2013-07-18T09-08-47.066  7.358099,0.9969269,-7.8179426
2013-07-18T09-08-47.069  7.358099,1.7250128,-6.783294
2013-07-18T09-08-47.082  8.354427,1.0735675,-6.476732
2013-07-18T09-08-47.085  10.155481,0.30716124,-8.77595
2013-07-18T09-08-47.102  12.799583,-0.7274872,-13.029505
2013-07-18T09-08-47.103  14.83056,-1.9537371,-17.934505
2013-07-18T09-08-47.121  16.708256,-3.0650263,-19.543959
2013-07-18T09-08-47.122  17.206419,-3.141667,-19.543959
2013-07-18T09-08-47.140  17.39802,-2.911745,-19.543959
2013-07-18T09-08-47.141  17.627943,-2.3369403,-19.543959
2013-07-18T09-08-47.142  17.666264,-2.2219794,-19.543959
2013-07-18T09-08-47.149  17.857864,-1.8004559,-19.543959
2013-07-18T09-08-47.172  18.356028,-2.0686982,-19.543959
2013-07-18T09-08-47.173  18.777552,-3.1799872,-19.543959
2013-07-18T09-08-47.187  19.352356,-3.754792,-19.543959
2013-07-18T09-08-47.188  19.543959,-4.9427214,-19.543959
2013-07-18T09-08-47.201  19.543959,-5.4025655,-19.543959
2013-07-18T09-08-47.202  19.122435,-5.97737,-19.543959
2013-07-18T09-08-47.206  17.39802,-5.8240886,-19.543959
2013-07-18T09-08-47.222  15.213763,-6.3605733,-19.543959
2013-07-18T09-08-47.224  12.952865,-7.586823,-18.356028
2013-07-18T09-08-47.237  10.730287,-9.004675,-14.025833
2013-07-18T09-08-47.239  7.8179426,-10.039323,-9.504036
2013-07-18T09-08-47.255  5.5953646,-10.1542845,-4.6373568
2013-07-18T09-08-47.256  3.449427,-9.886042,0.9957294
2013-07-18T09-08-47.273  1.6100519,-9.004675,6.590495
2013-07-18T09-08-47.274  -0.8041278,-7.6634636,11.917019
2013-07-18T09-08-47.289  -3.1799872,-7.2802606,17.12858
2013-07-18T09-08-47.291  -5.2876043,-7.433542,19.581081
2013-07-18T09-08-47.306  -7.2419405,-6.9353776,19.581081
2013-07-18T09-08-47.308  -8.813073,-5.0960026,19.581081
2013-07-18T09-08-47.320  -9.196277,-3.409909,19.581081
2013-07-18T09-08-47.321  -8.813073,-2.3752606,19.581081
2013-07-18T09-08-47.336  -7.1653,-1.9154168,19.581081
2013-07-18T09-08-47.337  -5.5941668,-1.7238153,19.581081
2013-07-18T09-08-47.354  -3.7931123,-0.9574091,19.581081
2013-07-18T09-08-47.355  -2.6051824,-0.8041278,19.581081
2013-07-18T09-08-47.360  -1.9537371,-0.61252624,19.581081
2013-07-18T09-08-47.371  -2.0303779,-0.53588563,18.39315
2013-07-18T09-08-47.374  -1.9920574,-0.07604187,16.860338
2013-07-18T09-08-47.390  -1.2639716,0.53708315,15.557448
2013-07-18T09-08-47.391  -0.38260436,1.38013,14.676081
2013-07-18T09-08-47.405  1.0352472,1.8016534,15.74905
2013-07-18T09-08-47.407  2.4530988,2.4147785,15.9789715
2013-07-18T09-08-47.423  3.717669,1.993255,16.553776
2013-07-18T09-08-47.424  4.7139974,1.8016534,16.592096
2013-07-18T09-08-47.441  4.4074345,1.8399738,15.595768
2013-07-18T09-08-47.442  3.7559893,1.4184504,13.181589
2013-07-18T09-08-47.455  3.1811848,-0.7274872,8.813073
2013-07-18T09-08-47.457  -0.11436218,1.1885284,7.8550653
