2013-07-18T14-02-23.334  -15.74905,-7.433542,-14.86888
2013-07-18T14-02-23.337  -0.8424481,-6.3222528,-8.0861845
2013-07-18T14-02-23.340  -0.53588563,-6.1306515,-7.3197784
2013-07-18T14-02-23.359  -0.57420594,-5.7857685,-6.630013
2013-07-18T14-02-23.360  -0.8807684,-4.981042,-5.9785676
2013-07-18T14-02-23.362  -1.2639716,-4.5595183,-5.2888017
2013-07-18T14-02-23.368  -1.187331,-4.137995,-5.212161
2013-07-18T14-02-23.385  -0.65084654,-3.2183075,-4.8672786
2013-07-18T14-02-23.386  -0.4209247,-2.4902215,-2.5680597
2013-07-18T14-02-23.402  -0.7274872,-1.4172528,-3.8709502
2013-07-18T14-02-23.403  -0.9190887,-0.38260436,-2.721341
2013-07-18T14-02-23.418  -1.3022919,0.88196594,-1.9166144
2013-07-18T14-02-23.420  -1.5705341,1.7250128,-3.1811848
2013-07-18T14-02-23.435  -0.8807684,2.5680597,-1.7633331
2013-07-18T14-02-23.437  -0.07604187,3.2961457,-1.8016534
2013-07-18T14-02-23.452  0.57540345,4.215833,-1.495091
2013-07-18T14-02-23.454  1.8016534,4.9055986,0.26764342
2013-07-18T14-02-23.469  2.989583,5.901927,0.4975653
2013-07-18T14-02-23.470  3.6410284,7.358099,1.8004559
2013-07-18T14-02-23.473  3.9859114,8.507709,3.1799872
2013-07-18T14-02-23.490  3.0662239,9.120833,4.061354
2013-07-18T14-02-23.491  2.3381379,10.538685,6.1689715
2013-07-18T14-02-23.496  1.8016534,11.420052,8.506511
2013-07-18T14-02-23.504  1.3418097,12.493021,10.384206
2013-07-18T14-02-23.516  1.5334113,13.64263,12.491823
2013-07-18T14-02-23.520  2.0698957,14.523997,13.028308
2013-07-18T14-02-23.538  3.602708,14.83056,13.219909
2013-07-18T14-02-23.540  4.560716,15.941849,12.760065
2013-07-18T14-02-23.558  6.2084894,16.478333,11.993659
2013-07-18T14-02-23.560  6.898255,17.32138,11.878698
2013-07-18T14-02-23.561  6.859935,17.934505,12.530144
2013-07-18T14-02-23.568  6.5533724,18.739231,13.679752
2013-07-18T14-02-23.589  6.2084894,19.428997,14.676081
2013-07-18T14-02-23.590  5.786966,19.390676,15.71073
2013-07-18T14-02-23.607  5.173841,19.543959,16.707058
2013-07-18T14-02-23.609  4.4074345,19.543959,17.971628
2013-07-18T14-02-23.621  3.83263,19.543959,18.27819
2013-07-18T14-02-23.622  3.4111066,19.543959,18.661394
2013-07-18T14-02-23.625  2.5297394,19.543959,19.006277
2013-07-18T14-02-23.639  1.9166144,19.505638,18.469791
2013-07-18T14-02-23.640  1.1502081,19.428997,18.469791
2013-07-18T14-02-23.656  0.38380188,19.275717,18.124908
2013-07-18T14-02-23.657  0.07723938,18.815872,17.473463
2013-07-18T14-02-23.673  0.15388,18.317709,16.745378
2013-07-18T14-02-23.674  1.0735675,17.39802,15.6340885
2013-07-18T14-02-23.691  1.8399738,16.17177,14.369518
2013-07-18T14-02-23.693  3.0279036,15.367044,13.564792
2013-07-18T14-02-23.705  3.334466,14.638958,12.798386
2013-07-18T14-02-23.707  2.874622,13.910872,12.415182
2013-07-18T14-02-23.727  2.2998176,13.106146,12.300221
2013-07-18T14-02-23.729  1.5717316,12.41638,12.261901
2013-07-18T14-02-23.747  0.42212218,11.496693,11.917019
2013-07-18T14-02-23.748  -0.4209247,10.883568,11.457174
2013-07-18T14-02-23.749  -0.9190887,10.270443,11.2655735
2013-07-18T14-02-23.753  -1.3022919,9.5423565,10.614128
2013-07-18T14-02-23.772  -1.187331,8.354427,9.541159
2013-07-18T14-02-23.773  -1.07237,7.5497003,8.276588
2013-07-18T14-02-23.777  -1.2256513,6.9365754,6.7437763
2013-07-18T14-02-23.792  -1.4938934,6.7449737,5.6708074
2013-07-18T14-02-23.794  -1.685495,6.0168877,4.5211983
2013-07-18T14-02-23.809  -1.4938934,5.1355205,4.061354
2013-07-18T14-02-23.811  -1.0340496,4.4840755,4.023034
2013-07-18T14-02-23.828  -0.4975653,3.602708,3.141667
2013-07-18T14-02-23.836  0.19220032,2.8363018,1.6471747
2013-07-18T14-02-23.851  1.0352472,2.5297394,0.1526825
2013-07-18T14-02-23.852  2.4147785,2.5297394,-1.495091
2013-07-18T14-02-23.853  3.8709502,2.1848567,-3.334466
2013-07-18T14-02-23.858  5.173841,1.6483722,-5.327122
2013-07-18T14-02-23.878  6.668333,1.4567707,-7.013216
2013-07-18T14-02-23.881  7.8179426,0.88196594,-8.852591
2013-07-18T14-02-23.897  8.699309,0.15388,-10.615325
2013-07-18T14-02-23.899  9.695638,-0.7274872,-12.33974
2013-07-18T14-02-23.914  10.6536455,-0.8807684,-13.68095
2013-07-18T14-02-23.915  11.803255,-0.4975653,-14.485677
2013-07-18T14-02-23.916  13.297748,-0.22932312,-14.600637
2013-07-18T14-02-23.921  14.447356,-0.26764342,-14.792239
2013-07-18T14-02-23.930  15.0221615,-0.4975653,-14.523997
2013-07-18T14-02-23.946  15.137122,-0.65084654,-14.409037
2013-07-18T14-02-23.948  15.482005,-0.38260436,-14.025833
2013-07-18T14-02-23.962  14.792239,-0.459245,-13.144466
2013-07-18T14-02-23.964  13.719271,-0.03772156,-11.764935
2013-07-18T14-02-23.979  12.224778,0.42212218,-9.044192
2013-07-18T14-02-23.981  10.500364,1.6483722,-5.3654423
2013-07-18T14-02-23.995  8.162826,2.989583,-0.03891907
2013-07-18T14-02-23.996  4.828958,3.9092705,6.1689715
2013-07-18T14-02-24.011  0.767005,4.7139974,11.725417
2013-07-18T14-02-24.012  -2.911745,5.327122,14.139597
2013-07-18T14-02-24.027  -5.5941668,6.2468095,14.714401
2013-07-18T14-02-24.028  -6.858737,7.4347396,14.369518
2013-07-18T14-02-24.050  -7.740104,7.894583,13.8330345
2013-07-18T14-02-24.052  -8.39155,8.77595,13.564792
2013-07-18T14-02-24.053  -8.851394,9.197474,12.989987
2013-07-18T14-02-24.057  -8.928034,9.733958,12.491823
2013-07-18T14-02-24.066  -9.042995,10.270443,11.763737
2013-07-18T14-02-24.087  -8.659792,10.500364,10.192604
2013-07-18T14-02-24.088  -7.1269794,10.615325,7.7784247
2013-07-18T14-02-24.090  -5.2109637,11.075169,5.325925
2013-07-18T14-02-24.098  -3.141667,11.305091,2.3752606
2013-07-18T14-02-24.115  -0.9957294,11.496693,0.03772156
2013-07-18T14-02-24.116  0.53708315,11.764935,-2.0315752
2013-07-18T14-02-24.129  1.7633331,12.1098175,-3.9092705
2013-07-18T14-02-24.131  2.4147785,11.841576,-5.02056
2013-07-18T14-02-24.146  3.0662239,11.918216,-6.2468095
2013-07-18T14-02-24.148  3.219505,11.841576,-6.28513
2013-07-18T14-02-24.171  3.2961457,11.994857,-6.400091
2013-07-18T14-02-24.172  3.5643878,11.879895,-6.3617706
2013-07-18T14-02-24.173  3.8709502,11.956536,-6.170169
2013-07-18T14-02-24.178  4.2541533,11.649974,-6.438411
2013-07-18T14-02-24.200  3.6410284,10.845247,-6.28513
2013-07-18T14-02-24.203  2.7979815,10.960208,-6.0168877
2013-07-18T14-02-24.219  1.265169,10.6536455,-5.327122
2013-07-18T14-02-24.220  0.19220032,10.078841,-4.0242314
2013-07-18T14-02-24.221  -1.1490107,9.695638,-3.0279036
2013-07-18T14-02-24.232  -2.1453388,9.465716,-1.495091
2013-07-18T14-02-24.234  -2.8351045,9.235794,-0.57540345
2013-07-18T14-02-24.247  -3.5631902,9.082513,0.4975653
2013-07-18T14-02-24.250  -4.214636,8.66099,1.1106904
2013-07-18T14-02-24.271  -4.9427214,8.316107,1.07237
2013-07-18T14-02-24.272  -5.1726437,8.162826,0.68916684
2013-07-18T14-02-24.274  -5.019362,7.7029815,0.38260436
2013-07-18T14-02-24.282  -4.8660808,7.358099,-0.34548157
2013-07-18T14-02-24.298  -4.5211983,6.8216143,-1.2268487
2013-07-18T14-02-24.299  -4.214636,6.783294,-1.9549347
2013-07-18T14-02-24.315  -3.7164717,6.400091,-2.8363018
2013-07-18T14-02-24.316  -3.294948,6.170169,-3.2578254
2013-07-18T14-02-24.332  -2.8734248,5.8252864,-3.219505
2013-07-18T14-02-24.333  -2.6051824,5.327122,-2.989583
2013-07-18T14-02-24.352  -2.6051824,5.212161,-2.721341
2013-07-18T14-02-24.354  -2.2602997,4.560716,-2.2998176
2013-07-18T14-02-24.366  -2.3369403,4.560716,-2.0315752
2013-07-18T14-02-24.368  -2.5285418,4.100872,-1.6100519
2013-07-18T14-02-24.372  -3.0650263,3.5260675,-1.2268487
2013-07-18T14-02-24.384  -3.5631902,3.602708,-0.767005
2013-07-18T14-02-24.387  -3.3715887,3.602708,-0.23052064
2013-07-18T14-02-24.399  -2.911745,3.219505,-0.03891907
2013-07-18T14-02-24.403  -2.4519012,3.0279036,-0.15388
2013-07-18T14-02-24.421  -1.4172528,2.874622,-0.49876282
2013-07-18T14-02-24.422  -0.38260436,2.3381379,-1.0352472
2013-07-18T14-02-24.435  0.95860654,2.0315752,-1.7250128
2013-07-18T14-02-24.436  1.993255,2.1465364,-2.2998176
2013-07-18T14-02-24.451  2.6447003,2.1848567,-2.9512627
2013-07-18T14-02-24.452  2.7979815,2.2614973,-3.4111066
2013-07-18T14-02-24.468  2.223177,2.4530988,-3.4111066
2013-07-18T14-02-24.469  1.6100519,3.219505,-3.0662239
2013-07-18T14-02-24.485  0.92028624,3.6410284,-2.223177
2013-07-18T14-02-24.486  0.8053253,4.1775126,-1.5717316
2013-07-18T14-02-24.504  1.5334113,4.292474,-0.88196594
2013-07-18T14-02-24.505  2.4147785,4.3691144,-0.38380188
2013-07-18T14-02-24.519  3.9859114,4.4074345,-0.53708315
2013-07-18T14-02-24.520  5.4420834,5.173841,-1.6100519
2013-07-18T14-02-24.523  7.051536,6.2468095,-2.9129424
2013-07-18T14-02-24.536  8.009544,7.4347396,-4.7139974
2013-07-18T14-02-24.539  8.392747,9.235794,-5.672005
2013-07-18T14-02-24.555  8.469388,10.730287,-6.3617706
2013-07-18T14-02-24.557  8.124505,11.573333,-5.3654423
2013-07-18T14-02-24.575  7.8179426,12.799583,-4.062552
2013-07-18T14-02-24.577  8.239466,13.719271,-2.9129424
2013-07-18T14-02-24.579  8.77595,14.485677,-1.4567707
2013-07-18T14-02-24.587  9.504036,15.558645,-0.49876282
2013-07-18T14-02-24.611  9.848919,16.899857,0.4209247
2013-07-18T14-02-24.612  9.580677,17.934505,0.8807684
2013-07-18T14-02-24.613  9.465716,18.892513,1.2256513
2013-07-18T14-02-24.619  9.005872,19.428997,1.9537371
2013-07-18T14-02-24.637  8.890911,19.390676,2.7967842
2013-07-18T14-02-24.642  8.66099,19.467318,3.7931123
2013-07-18T14-02-24.656  7.9329033,19.237396,4.9427214
2013-07-18T14-02-24.661  7.0898566,18.854193,6.3222528
2013-07-18T14-02-24.677  5.4804034,18.317709,8.3532295
2013-07-18T14-02-24.678  4.445755,17.857864,10.575808
2013-07-18T14-02-24.679  3.6410284,17.28306,12.338542
2013-07-18T14-02-24.697  3.0279036,16.631615,12.760065
2013-07-18T14-02-24.698  2.60638,15.826888,11.802057
2013-07-18T14-02-24.700  2.4147785,15.060482,10.4991665
2013-07-18T14-02-24.707  2.4530988,14.025833,9.234596
2013-07-18T14-02-24.722  2.491419,13.374388,8.238269
2013-07-18T14-02-24.724  2.6447003,12.41638,7.0503387
2013-07-18T14-02-24.741  2.721341,11.458372,6.0540104
2013-07-18T14-02-24.742  2.491419,10.615325,4.75112
2013-07-18T14-02-24.759  2.6830206,9.657317,3.4482293
2013-07-18T14-02-24.760  2.7979815,8.929232,2.183659
2013-07-18T14-02-24.777  2.7596612,7.894583,0.9190887
2013-07-18T14-02-24.779  2.989583,7.5497003,-0.26884094
2013-07-18T14-02-24.791  2.7979815,6.7449737,-1.0735675
2013-07-18T14-02-24.793  2.5297394,5.786966,-2.1465364
2013-07-18T14-02-24.807  2.1848567,5.2888017,-2.9512627
2013-07-18T14-02-24.808  1.9549347,4.6373568,-3.717669
2013-07-18T14-02-24.826  1.38013,4.215833,-4.1775126
2013-07-18T14-02-24.828  1.0735675,3.6410284,-4.2541533
2013-07-18T14-02-24.830  0.49876282,3.0279036,-3.602708
2013-07-18T14-02-24.842  -0.03772156,2.1848567,-3.2961457
2013-07-18T14-02-24.844  -0.26764342,1.7633331,-2.9512627
2013-07-18T14-02-24.859  -0.38260436,1.0735675,-2.7596612
2013-07-18T14-02-24.861  -0.34428406,0.69036436,-2.6447003
2013-07-18T14-02-24.875  -0.4975653,5.987549E-4,-2.7596612
2013-07-18T14-02-24.877  -0.4975653,-0.03772156,-3.0279036
2013-07-18T14-02-24.892  -0.459245,-0.38260436,-3.1811848
2013-07-18T14-02-24.893  -0.53588563,-0.30596375,-3.449427
2013-07-18T14-02-24.910  -0.34428406,0.07723938,-3.334466
2013-07-18T14-02-24.912  -0.65084654,-0.11436218,-3.0662239
2013-07-18T14-02-24.925  -0.4975653,0.19220032,-3.1045442
2013-07-18T14-02-24.927  -0.22932312,0.15388,-3.1428645
2013-07-18T14-02-24.942  -0.03772156,0.69036436,-3.1428645
2013-07-18T14-02-24.943  0.07723938,1.0352472,-3.4111066
2013-07-18T14-02-24.960  0.4604425,1.38013,-3.4877472
2013-07-18T14-02-24.961  0.84364563,1.6483722,-2.491419
2013-07-18T14-02-24.976  1.0735675,2.223177,-2.223177
2013-07-18T14-02-24.977  1.1118878,2.60638,-1.9166144
2013-07-18T14-02-24.982  0.95860654,3.219505,-1.8016534
2013-07-18T14-02-24.996  0.767005,3.5260675,-1.8399738
2013-07-18T14-02-24.999  1.1118878,4.100872,-1.7633331
2013-07-18T14-02-25.011  1.4567707,4.828958,-2.0315752
2013-07-18T14-02-25.012  1.8399738,5.2504816,-1.8399738
2013-07-18T14-02-25.026  2.1848567,5.901927,-1.8016534
2013-07-18T14-02-25.029  2.5297394,6.5916924,-1.8399738
2013-07-18T14-02-25.043  2.7596612,7.779622,-2.0315752
2013-07-18T14-02-25.045  2.8363018,8.469388,-1.8399738
2013-07-18T14-02-25.061  2.721341,9.5423565,-1.6866925
2013-07-18T14-02-25.062  2.7596612,10.6536455,-1.0735675
2013-07-18T14-02-25.081  2.9129424,11.343411,-0.38380188
2013-07-18T14-02-25.083  2.7596612,12.301419,0.11436218
2013-07-18T14-02-25.098  2.491419,13.719271,0.8424481
2013-07-18T14-02-25.100  2.721341,13.834231,1.9154168
2013-07-18T14-02-25.116  2.60638,14.94552,2.7584639
2013-07-18T14-02-25.118  2.874622,15.367044,3.5631902
2013-07-18T14-02-25.132  3.4877472,16.13345,4.3295965
2013-07-18T14-02-25.134  3.9859114,16.286732,4.9427214
2013-07-18T14-02-25.135  4.675677,16.593294,5.5941668
2013-07-18T14-02-25.147  5.3654423,16.593294,5.97737
2013-07-18T14-02-25.149  5.5953646,16.976498,6.8970575
2013-07-18T14-02-25.166  5.8636065,17.129778,7.356901
2013-07-18T14-02-25.168  5.748646,17.551302,7.701784
2013-07-18T14-02-25.184  5.327122,17.704582,7.931706
2013-07-18T14-02-25.186  4.9822392,17.781223,7.8550653
2013-07-18T14-02-25.200  4.943919,18.087786,7.701784
2013-07-18T14-02-25.201  4.7523174,18.126106,7.8550653
2013-07-18T14-02-25.216  4.790638,17.781223,7.816745
2013-07-18T14-02-25.217  4.7523174,17.704582,7.433542
2013-07-18T14-02-25.232  4.3691144,17.168098,7.6251435
2013-07-18T14-02-25.234  4.292474,16.440012,7.8933854
2013-07-18T14-02-25.247  3.7943096,16.17177,7.8933854
2013-07-18T14-02-25.248  2.989583,15.482005,7.701784
2013-07-18T14-02-25.265  2.3381379,15.098802,7.433542
2013-07-18T14-02-25.266  1.3418097,14.370716,7.0503387
2013-07-18T14-02-25.284  0.9969269,13.795911,6.6671357
2013-07-18T14-02-25.286  0.72868466,13.106146,6.207292
2013-07-18T14-02-25.288  0.30716124,12.761263,5.6324873
2013-07-18T14-02-25.305  -0.11436218,12.41638,5.2876043
2013-07-18T14-02-25.306  -0.4209247,12.148138,4.78944
2013-07-18T14-02-25.309  -0.61252624,11.305091,4.8660808
2013-07-18T14-02-25.317  -0.8041278,10.768606,5.517526
2013-07-18T14-02-25.333  -0.9574091,10.040521,5.9390497
2013-07-18T14-02-25.334  -0.8041278,8.929232,6.5138545
2013-07-18T14-02-25.348  -0.26764342,8.239466,6.858737
2013-07-18T14-02-25.350  -0.8424481,7.6646614,7.433542
2013-07-18T14-02-25.366  -1.4938934,6.9365754,7.586823
2013-07-18T14-02-25.367  -2.1070185,6.476732,7.586823
2013-07-18T14-02-25.389  -2.6051824,5.786966,7.0503387
2013-07-18T14-02-25.390  -3.1799872,5.212161,6.3222528
2013-07-18T14-02-25.391  -3.6781511,4.599036,5.6708074
2013-07-18T14-02-25.398  -3.869753,4.1775126,4.9427214
2013-07-18T14-02-25.417  -3.7931123,3.5643878,4.636159
2013-07-18T14-02-25.418  -3.8314326,2.7979815,3.8314326
2013-07-18T14-02-25.434  -3.52487,2.0698957,2.911745
2013-07-18T14-02-25.435  -3.4865496,1.4567707,2.183659
2013-07-18T14-02-25.446  -3.2566278,1.2268487,1.6471747
2013-07-18T14-02-25.468  -2.7201433,0.65204406,0.7658075
2013-07-18T14-02-25.470  -1.8004559,-0.1910028,-0.49876282
2013-07-18T14-02-25.472  -1.07237,-0.53588563,-1.0735675
2013-07-18T14-02-25.475  -0.1910028,-1.3022919,-1.5717316
2013-07-18T14-02-25.489  0.42212218,-1.9537371,-2.0698957
2013-07-18T14-02-25.492  0.84364563,-2.1070185,-2.5297394
2013-07-18T14-02-25.506  0.53708315,-2.0303779,-3.1811848
2013-07-18T14-02-25.508  0.38380188,-2.1070185,-3.5260675
2013-07-18T14-02-25.521  0.26884094,-2.4519012,-3.9859114
2013-07-18T14-02-25.523  0.4604425,-2.566862,-4.4840755
2013-07-18T14-02-25.539  1.265169,-2.566862,-4.215833
2013-07-18T14-02-25.541  2.60638,-2.9500654,-4.2541533
2013-07-18T14-02-25.559  4.2541533,-2.566862,-4.7139974
2013-07-18T14-02-25.560  5.9785676,-1.685495,-5.672005
2013-07-18T14-02-25.577  6.859935,-0.53588563,-7.626341
2013-07-18T14-02-25.579  7.2048173,0.4604425,-10.155481
2013-07-18T14-02-25.581  7.358099,1.5334113,-11.841576
2013-07-18T14-02-25.582  7.013216,2.4147785,-11.688294
2013-07-18T14-02-25.590  6.7066536,3.4111066,-10.462044
2013-07-18T14-02-25.612  6.438411,4.330794,-8.66099
2013-07-18T14-02-25.613  6.32345,5.1355205,-7.051536
2013-07-18T14-02-25.615  6.9748955,6.131849,-5.748646
2013-07-18T14-02-25.623  8.431067,7.396419,-4.8672786
2013-07-18T14-02-25.642  9.618998,8.929232,-5.518724
2013-07-18T14-02-25.644  10.845247,10.806927,-6.515052
2013-07-18T14-02-25.661  11.535013,11.918216,-7.5497003
2013-07-18T14-02-25.662  11.879895,13.489348,-7.358099
2013-07-18T14-02-25.663  12.071497,14.600637,-6.400091
2013-07-18T14-02-25.671  11.918216,15.558645,-4.8672786
2013-07-18T14-02-25.690  11.343411,16.325052,-2.989583
2013-07-18T14-02-25.693  9.96388,16.554974,-1.0735675
2013-07-18T14-02-25.713  8.73763,17.091457,1.5322137
2013-07-18T14-02-25.715  8.047864,18.049465,4.8277607
2013-07-18T14-02-25.716  7.358099,18.317709,6.858737
2013-07-18T14-02-25.719  6.131849,18.930834,8.42987
2013-07-18T14-02-25.728  5.557044,18.624271,9.924362
2013-07-18T14-02-25.748  5.173841,18.70091,10.384206
2013-07-18T14-02-25.750  4.6373568,18.66259,10.959011
2013-07-18T14-02-25.751  4.445755,17.896185,10.614128
2013-07-18T14-02-25.760  4.5223956,17.589622,9.847721
2013-07-18T14-02-25.780  4.4074345,16.746574,8.966354
2013-07-18T14-02-25.781  4.062552,16.248411,8.123307
2013-07-18T14-02-25.783  3.602708,15.558645,7.3952217
2013-07-18T14-02-25.791  3.5260675,14.294075,6.820417
2013-07-18T14-02-25.813  3.7559893,13.795911,5.8240886
2013-07-18T14-02-25.816  3.9092705,12.876224,4.6744795
2013-07-18T14-02-25.817  4.1775126,11.841576,3.4865496
2013-07-18T14-02-25.824  4.215833,11.26677,2.4519012
2013-07-18T14-02-25.848  4.2541533,10.423724,1.5322137
2013-07-18T14-02-25.849  4.4074345,9.235794,0.38260436
2013-07-18T14-02-25.850  4.445755,8.699309,-0.69036436
2013-07-18T14-02-25.855  4.062552,7.588021,-1.4567707
2013-07-18T14-02-25.874  3.5643878,6.898255,-1.5717316
2013-07-18T14-02-25.875  3.1811848,5.8252864,-2.0315752
2013-07-18T14-02-25.893  2.5680597,4.9055986,-2.3381379
2013-07-18T14-02-25.895  2.108216,4.0242314,-2.6447003
2013-07-18T14-02-25.898  1.265169,3.3727863,-2.7979815
2013-07-18T14-02-25.913  0.8053253,2.721341,-2.5297394
2013-07-18T14-02-25.915  0.88196594,1.993255,-2.5297394
2013-07-18T14-02-25.930  0.95860654,1.265169,-2.8363018
2013-07-18T14-02-25.932  1.265169,0.53708315,-3.1045442
2013-07-18T14-02-25.949  1.2268487,0.26884094,-4.0242314
2013-07-18T14-02-25.950  1.1502081,-0.11436218,-4.828958
2013-07-18T14-02-25.952  0.88196594,-0.65084654,-5.05888
2013-07-18T14-02-25.960  0.84364563,-0.8424481,-5.327122
2013-07-18T14-02-25.977  0.61372375,-1.7621356,-5.2504816
2013-07-18T14-02-25.979  0.26884094,-1.9537371,-5.3654423
2013-07-18T14-02-26.000  -0.30596375,-2.2219794,-5.403763
2013-07-18T14-02-26.001  -0.34428406,-2.29862,-5.3654423
2013-07-18T14-02-26.014  -0.38260436,-2.413581,-5.786966
2013-07-18T14-02-26.016  -0.8041278,-2.4902215,-5.5953646
2013-07-18T14-02-26.030  -0.7274872,-2.3369403,-5.8252864
2013-07-18T14-02-26.031  -0.8041278,-1.8004559,-5.901927
2013-07-18T14-02-26.034  -0.53588563,-2.1070185,-6.055208
2013-07-18T14-02-26.051  -0.7658075,-1.7621356,-6.0935283
2013-07-18T14-02-26.053  -1.0340496,-1.7621356,-6.2084894
2013-07-18T14-02-26.056  -0.8424481,-1.5322137,-6.630013
2013-07-18T14-02-26.064  -0.8807684,-1.1490107,-6.630013
2013-07-18T14-02-26.084  -0.7658075,-0.9190887,-6.5533724
2013-07-18T14-02-26.086  -0.53588563,-0.57420594,-6.7066536
2013-07-18T14-02-26.088  -0.459245,0.07723938,-6.515052
2013-07-18T14-02-26.096  -0.30596375,0.65204406,-5.8636065
2013-07-18T14-02-26.117  -0.38260436,1.6100519,-5.1355205
2013-07-18T14-02-26.119  -0.30596375,2.60638,-4.292474
2013-07-18T14-02-26.132  -0.26764342,3.7559893,-3.219505
2013-07-18T14-02-26.135  -0.30596375,4.675677,-1.8782941
2013-07-18T14-02-26.151  -0.26764342,6.0168877,-1.1118878
2013-07-18T14-02-26.154  -0.22932312,7.1281767,-0.30716124
2013-07-18T14-02-26.166  0.42212218,8.239466,0.9190887
2013-07-18T14-02-26.168  1.0352472,9.389075,2.2219794
2013-07-18T14-02-26.182  1.9549347,11.075169,3.1799872
2013-07-18T14-02-26.183  2.8363018,12.41638,3.5631902
2013-07-18T14-02-26.185  3.4111066,14.140794,3.141667
2013-07-18T14-02-26.199  3.7559893,15.405364,2.566862
2013-07-18T14-02-26.201  4.215833,16.516653,2.2602997
2013-07-18T14-02-26.220  3.9092705,17.053139,2.9883857
2013-07-18T14-02-26.221  3.334466,17.781223,4.9044013
2013-07-18T14-02-26.227  1.8016534,17.934505,7.4718623
2013-07-18T14-02-26.233  0.9969269,18.624271,11.073972
2013-07-18T14-02-26.254  0.92028624,18.54763,14.177917
2013-07-18T14-02-26.256  0.4604425,18.930834,15.9789715
2013-07-18T14-02-26.257  -0.11436218,19.237396,16.247213
2013-07-18T14-02-26.265  0.19220032,19.314035,15.480807
2013-07-18T14-02-26.283  0.11555969,19.314035,14.714401
2013-07-18T14-02-26.285  0.38380188,19.390676,13.564792
2013-07-18T14-02-26.299  0.8053253,19.275717,12.491823
2013-07-18T14-02-26.300  0.95860654,19.275717,12.03198
2013-07-18T14-02-26.316  1.1885284,19.199076,12.185261
2013-07-18T14-02-26.317  1.0735675,18.854193,11.993659
2013-07-18T14-02-26.338  1.0352472,18.66259,11.763737
2013-07-18T14-02-26.340  0.72868466,18.394348,11.763737
2013-07-18T14-02-26.341  0.15388,17.819544,11.533815
2013-07-18T14-02-26.361  -0.57420594,17.43634,11.035651
2013-07-18T14-02-26.363  -0.53588563,16.861536,10.652448
2013-07-18T14-02-26.364  -0.7658075,16.401693,10.001003
2013-07-18T14-02-26.370  -0.53588563,15.980169,9.579479
2013-07-18T14-02-26.387  -0.4975653,15.405364,9.387877
2013-07-18T14-02-26.389  -0.11436218,14.9072,8.6981125
2013-07-18T14-02-26.406  -0.30596375,14.370716,8.42987
2013-07-18T14-02-26.408  -0.8041278,13.949192,8.506511
2013-07-18T14-02-26.409  -0.9957294,13.719271,8.046667
2013-07-18T14-02-26.417  -1.3406122,12.991184,8.3532295
2013-07-18T14-02-26.435  -1.9537371,12.41638,8.583151
2013-07-18T14-02-26.436  -2.2602997,11.994857,8.506511
2013-07-18T14-02-26.455  -2.5285418,11.381732,8.199948
2013-07-18T14-02-26.458  -2.5285418,10.9985285,7.816745
2013-07-18T14-02-26.469  -2.5285418,10.117161,7.2802606
2013-07-18T14-02-26.470  -2.4519012,9.465716,6.245612
2013-07-18T14-02-26.490  -2.3752606,8.890911,5.517526
2013-07-18T14-02-26.492  -1.2256513,8.047864,5.2876043
2013-07-18T14-02-26.494  0.19220032,7.2048173,4.981042
2013-07-18T14-02-26.514  1.4184504,6.9365754,4.636159
2013-07-18T14-02-26.516  2.4530988,6.859935,3.7931123
2013-07-18T14-02-26.517  3.0662239,6.668333,2.6435027
2013-07-18T14-02-26.522  3.6410284,6.630013,1.1106904
2013-07-18T14-02-26.537  4.1775126,6.32345,0.07604187
2013-07-18T14-02-26.538  4.560716,6.28513,-0.88196594
2013-07-18T14-02-26.559  5.403763,6.131849,-1.5334113
2013-07-18T14-02-26.561  6.515052,5.327122,-2.5297394
2013-07-18T14-02-26.562  7.5497003,5.0972004,-3.7559893
2013-07-18T14-02-26.570  8.316107,4.445755,-5.05888
2013-07-18T14-02-26.596  9.197474,3.8709502,-6.400091
2013-07-18T14-02-26.597  9.772279,3.4111066,-7.243138
2013-07-18T14-02-26.598  10.117161,2.7596612,-7.5497003
2013-07-18T14-02-26.602  9.772279,2.223177,-7.741302
2013-07-18T14-02-26.628  9.235794,1.9166144,-7.281458
2013-07-18T14-02-26.629  8.622669,1.495091,-6.9748955
2013-07-18T14-02-26.630  8.009544,0.61372375,-6.7449737
2013-07-18T14-02-26.634  7.5497003,0.42212218,-6.8216143
2013-07-18T14-02-26.642  7.0898566,-0.26764342,-6.9365754
2013-07-18T14-02-26.660  6.9748955,-0.4975653,-7.051536
2013-07-18T14-02-26.661  6.400091,-1.07237,-7.5497003
2013-07-18T14-02-26.677  6.3617706,-1.07237,-7.7029815
2013-07-18T14-02-26.678  6.32345,-1.5322137,-8.162826
2013-07-18T14-02-26.682  5.786966,-1.6471747,-8.546028
2013-07-18T14-02-26.690  5.8252864,-1.7238153,-8.622669
2013-07-18T14-02-26.705  5.4804034,-1.8387762,-8.699309
2013-07-18T14-02-26.706  5.02056,-1.9154168,-9.120833
2013-07-18T14-02-26.728  4.330794,-1.9537371,-9.235794
2013-07-18T14-02-26.729  3.602708,-1.9920574,-9.235794
2013-07-18T14-02-26.744  2.8363018,-1.8770965,-9.120833
2013-07-18T14-02-26.746  1.993255,-1.7238153,-8.929232
2013-07-18T14-02-26.760  1.38013,-1.4938934,-8.584349
2013-07-18T14-02-26.761  0.65204406,-1.4938934,-8.354427
2013-07-18T14-02-26.775  -0.1526825,-1.6088544,-7.779622
2013-07-18T14-02-26.776  -0.7274872,-1.3789325,-7.51138
2013-07-18T14-02-26.793  -1.4172528,-1.3406122,-7.0898566
2013-07-18T14-02-26.794  -2.0303779,-1.2639716,-6.668333
2013-07-18T14-02-26.795  -2.9500654,-1.0340496,-5.940247
2013-07-18T14-02-26.807  -3.869753,-0.9190887,-5.327122
2013-07-18T14-02-26.811  -4.0996747,-0.8807684,-4.7523174
2013-07-18T14-02-26.824  -4.75112,-0.57420594,-4.292474
2013-07-18T14-02-26.827  -5.2109637,-0.57420594,-3.6793487
2013-07-18T14-02-26.842  -5.97737,-0.8424481,-3.4877472
2013-07-18T14-02-26.844  -6.7437763,-1.2639716,-3.334466
2013-07-18T14-02-26.861  -7.931706,-1.0340496,-2.6447003
2013-07-18T14-02-26.863  -9.004675,-1.2639716,-1.8016534
2013-07-18T14-02-26.878  -10.039323,-1.3789325,-0.42212218
2013-07-18T14-02-26.879  -11.227253,-1.2639716,1.1106904
2013-07-18T14-02-26.894  -12.223581,-1.2256513,2.6051824
2013-07-18T14-02-26.896  -13.37319,-1.1490107,4.061354
2013-07-18T14-02-26.916  -13.641433,-1.0340496,4.981042
2013-07-18T14-02-26.917  -14.56112,-1.4172528,5.900729
2013-07-18T14-02-26.918  -15.289206,-1.07237,6.590495
2013-07-18T14-02-26.923  -15.557448,-0.57420594,6.475534
2013-07-18T14-02-26.948  -15.404167,-0.4209247,6.207292
2013-07-18T14-02-26.949  -15.442487,0.34548157,5.747448
2013-07-18T14-02-26.950  -15.404167,0.61372375,5.479206
2013-07-18T14-02-26.964  -14.446159,0.4604425,4.9044013
2013-07-18T14-02-26.965  -13.871354,0.57540345,5.4408855
2013-07-18T14-02-26.980  -13.0666275,0.61372375,5.97737
2013-07-18T14-02-26.981  -12.376863,0.49876282,7.012018
2013-07-18T14-02-26.997  -11.993659,0.9969269,7.6251435
2013-07-18T14-02-26.998  -11.840378,1.7250128,9.196277
2013-07-18T14-02-27.014  -11.533815,2.7596612,10.345885
2013-07-18T14-02-27.018  -10.729089,2.2998176,11.342214
2013-07-18T14-02-27.038  -10.001003,2.6830206,11.802057
2013-07-18T14-02-27.039  -8.928034,2.721341,11.917019
2013-07-18T14-02-27.040  -7.586823,2.2614973,11.457174
2013-07-18T14-02-27.043  -5.862409,2.2614973,10.652448
2013-07-18T14-02-27.064  -3.9847138,2.721341,10.307566
2013-07-18T14-02-27.065  -1.3789325,3.0279036,10.001003
2013-07-18T14-02-27.081  1.4184504,3.602708,9.579479
2013-07-18T14-02-27.082  4.599036,4.3691144,9.6178
2013-07-18T14-02-27.084  7.0898566,5.327122,9.196277
2013-07-18T14-02-27.096  9.312435,6.2468095,9.081315
2013-07-18T14-02-27.100  11.611653,8.047864,9.081315
2013-07-18T14-02-27.116  13.987513,9.350755,9.272917
2013-07-18T14-02-27.117  16.440012,10.538685,9.119636
2013-07-18T14-02-27.134  18.969154,11.19013,8.008347
2013-07-18T14-02-27.136  19.543959,12.186459,6.628815
2013-07-18T14-02-27.152  19.543959,12.761263,5.2109637
2013-07-18T14-02-27.153  19.543959,13.182786,4.3295965
2013-07-18T14-02-27.156  19.543959,14.025833,4.023034
2013-07-18T14-02-27.163  19.543959,14.064154,3.4482293
2013-07-18T14-02-27.180  19.543959,14.370716,3.1799872
2013-07-18T14-02-27.181  19.543959,14.86888,3.026706
2013-07-18T14-02-27.207  19.543959,14.792239,2.7584639
2013-07-18T14-02-27.209  19.543959,15.137122,2.8734248
2013-07-18T14-02-27.210  19.543959,14.600637,2.911745
2013-07-18T14-02-27.212  19.543959,14.409037,3.3715887
2013-07-18T14-02-27.237  19.543959,13.872552,3.5631902
2013-07-18T14-02-27.239  19.543959,12.991184,3.869753
2013-07-18T14-02-27.251  19.543959,12.531341,4.1763153
2013-07-18T14-02-27.253  19.543959,11.688294,4.8277607
2013-07-18T14-02-27.255  19.505638,10.232122,5.2109637
2013-07-18T14-02-27.273  18.66259,9.312435,6.0156903
2013-07-18T14-02-27.275  17.32138,8.0861845,6.7820964
2013-07-18T14-02-27.276  16.05681,7.0898566,7.2419405
2013-07-18T14-02-27.285  14.562318,5.786966,7.586823
2013-07-18T14-02-27.299  13.374388,4.0242314,7.1269794
2013-07-18T14-02-27.301  11.496693,2.60638,7.0503387
2013-07-18T14-02-27.320  9.197474,1.1885284,6.9353776
2013-07-18T14-02-27.322  6.5916924,-0.22932312,7.6634636
2013-07-18T14-02-27.335  4.4840755,-1.3406122,9.272917
2013-07-18T14-02-27.337  1.9166144,-2.911745,11.495495
2013-07-18T14-02-27.355  -0.8807684,-4.137995,13.871354
2013-07-18T14-02-27.357  -4.137995,-5.2109637,16.860338
2013-07-18T14-02-27.371  -8.084988,-5.747448,19.31284
2013-07-18T14-02-27.373  -11.6104555,-6.207292,19.581081
2013-07-18T14-02-27.388  -13.794714,-6.092331,19.50444
2013-07-18T14-02-27.389  -14.714401,-6.437214,17.588425
2013-07-18T14-02-27.406  -15.174245,-6.2839327,15.327526
2013-07-18T14-02-27.407  -15.135924,-6.475534,13.37319
2013-07-18T14-02-27.408  -14.982643,-6.1689715,13.104948
2013-07-18T14-02-27.424  -14.714401,-5.862409,13.947995
2013-07-18T14-02-27.425  -14.331198,-5.5558467,15.250886
2013-07-18T14-02-27.428  -13.947995,-5.0960026,16.93698
2013-07-18T14-02-27.436  -13.33487,-4.5211983,18.23987
2013-07-18T14-02-27.457  -12.836706,-3.8314326,18.776354
2013-07-18T14-02-27.458  -12.14694,-2.9500654,18.086588
2013-07-18T14-02-27.473  -11.035651,-2.0303779,16.477135
2013-07-18T14-02-27.475  -10.88237,-0.9574091,14.484479
2013-07-18T14-02-27.489  -9.6178,-0.38260436,12.338542
2013-07-18T14-02-27.491  -8.736432,0.34548157,10.192604
2013-07-18T14-02-27.506  -7.701784,1.5334113,8.6981125
2013-07-18T14-02-27.507  -6.7820964,2.2614973,7.586823
2013-07-18T14-02-27.520  -6.0540104,2.7979815,6.7820964
2013-07-18T14-02-27.521  -5.1726437,3.4111066,6.3222528
2013-07-18T14-02-27.538  -4.367917,4.0242314,5.6324873
2013-07-18T14-02-27.539  -3.3332684,4.5223956,5.5941668
2013-07-18T14-02-27.542  -2.6051824,5.173841,5.1726437
2013-07-18T14-02-27.554  -2.2602997,5.557044,5.2492843
2013-07-18T14-02-27.557  -1.8387762,5.557044,5.134323
2013-07-18T14-02-27.570  -1.6471747,5.786966,5.364245
2013-07-18T14-02-27.574  -1.8770965,5.786966,5.364245
2013-07-18T14-02-27.587  -1.7621356,5.6336846,5.2492843
2013-07-18T14-02-27.589  -2.1070185,5.672005,5.364245
2013-07-18T14-02-27.605  -2.413581,5.672005,5.5558467
2013-07-18T14-02-27.607  -2.5285418,5.2504816,5.97737
2013-07-18T14-02-27.623  -3.026706,5.327122,6.1689715
2013-07-18T14-02-27.625  -3.3715887,5.4420834,6.590495
2013-07-18T14-02-27.641  -3.6781511,5.6336846,6.705456
2013-07-18T14-02-27.642  -3.7931123,5.6336846,5.4408855
