2013-07-18T14-00-44.024  8.162826,11.649974,7.7784247
2013-07-18T14-00-44.026  8.73763,11.15181,7.0886593
2013-07-18T14-00-44.053  9.274115,11.305091,6.8970575
2013-07-18T14-00-44.054  9.695638,11.26677,6.820417
2013-07-18T14-00-44.079  10.040521,11.573333,7.5101824
2013-07-18T14-00-44.083  9.810598,11.458372,7.20362
2013-07-18T14-00-44.085  9.427396,11.879895,8.39155
2013-07-18T14-00-44.086  9.120833,12.071497,7.816745
2013-07-18T14-00-44.107  8.354427,12.301419,6.858737
2013-07-18T14-00-44.109  7.779622,11.879895,8.966354
2013-07-18T14-00-44.125  7.0898566,11.420052,7.740104
2013-07-18T14-00-44.126  5.557044,11.075169,8.736432
2013-07-18T14-00-44.128  4.062552,10.9985285,10.192604
2013-07-18T14-00-44.129  2.8363018,11.228451,9.426198
2013-07-18T14-00-44.131  1.8782941,11.841576,10.269245
2013-07-18T14-00-44.149  1.4567707,12.378059,10.1542845
2013-07-18T14-00-44.151  0.88196594,13.106146,9.042995
2013-07-18T14-00-44.168  0.26884094,13.795911,9.157956
2013-07-18T14-00-44.169  -0.1526825,14.179114,8.889713
2013-07-18T14-00-44.171  -0.22932312,13.987513,8.659792
2013-07-18T14-00-44.179  -0.459245,13.68095,9.387877
2013-07-18T14-00-44.204  -1.07237,13.412708,9.234596
2013-07-18T14-00-44.206  -1.9920574,13.374388,9.69444
2013-07-18T14-00-44.207  -2.9500654,13.144466,10.805729
2013-07-18T14-00-44.211  -4.1763153,13.144466,11.457174
2013-07-18T14-00-44.235  -5.479206,13.182786,12.338542
2013-07-18T14-00-44.237  -6.475534,13.106146,12.760065
2013-07-18T14-00-44.257  -7.2419405,12.952865,12.300221
2013-07-18T14-00-44.259  -7.2802606,12.607982,11.878698
2013-07-18T14-00-44.260  -7.0503387,11.803255,10.997331
2013-07-18T14-00-44.262  -6.5521746,11.19013,10.422526
2013-07-18T14-00-44.268  -6.5138545,10.883568,9.119636
2013-07-18T14-00-44.286  -6.9353776,10.232122,7.8933854
2013-07-18T14-00-44.288  -7.4718623,10.155481,7.1269794
2013-07-18T14-00-44.301  -7.701784,9.96388,6.705456
2013-07-18T14-00-44.303  -8.161628,9.504036,6.5521746
2013-07-18T14-00-44.321  -8.6981125,9.274115,6.973698
2013-07-18T14-00-44.326  -9.426198,9.235794,7.701784
2013-07-18T14-00-44.328  -10.384206,8.852591,7.8550653
2013-07-18T14-00-44.331  -10.614128,8.162826,7.740104
2013-07-18T14-00-44.371  -9.886042,8.316107,7.8933854
2013-07-18T14-00-44.373  -9.196277,7.4347396,7.4718623
2013-07-18T14-00-44.374  -9.119636,7.4730597,6.628815
2013-07-18T14-00-44.376  -9.196277,7.3197784,5.862409
2013-07-18T14-00-44.392  -9.349558,6.8216143,5.364245
2013-07-18T14-00-44.393  -9.387877,7.166497,5.325925
2013-07-18T14-00-44.395  -10.001003,7.1281767,5.747448
2013-07-18T14-00-44.397  -10.345885,7.396419,6.245612
2013-07-18T14-00-44.425  -10.920691,7.6646614,6.8970575
2013-07-18T14-00-44.427  -10.192604,7.4730597,7.6251435
2013-07-18T14-00-44.429  -9.73276,7.4347396,8.238269
2013-07-18T14-00-44.430  -9.6178,7.166497,8.42987
2013-07-18T14-00-44.436  -9.69444,7.281458,7.970026
2013-07-18T14-00-44.453  -9.579479,6.9748955,7.6251435
2013-07-18T14-00-44.457  -9.426198,7.281458,6.9353776
2013-07-18T14-00-44.469  -8.966354,6.9365754,6.1689715
2013-07-18T14-00-44.470  -7.931706,6.7449737,5.479206
2013-07-18T14-00-44.483  -6.7437763,6.2468095,5.4025655
2013-07-18T14-00-44.485  -5.4025655,6.055208,5.6708074
2013-07-18T14-00-44.503  -4.597839,5.672005,5.862409
2013-07-18T14-00-44.505  -4.4828777,5.672005,5.5558467
2013-07-18T14-00-44.518  -4.214636,5.4804034,5.4025655
2013-07-18T14-00-44.519  -3.409909,5.2504816,5.4025655
2013-07-18T14-00-44.537  -2.5285418,5.4804034,4.8660808
2013-07-18T14-00-44.539  -1.4172528,5.212161,4.4445577
2013-07-18T14-00-44.556  0.30716124,4.828958,4.3295965
2013-07-18T14-00-44.558  1.993255,4.790638,4.406237
2013-07-18T14-00-44.559  3.0662239,4.445755,4.1763153
2013-07-18T14-00-44.564  3.5643878,4.560716,3.9080732
2013-07-18T14-00-44.572  3.4111066,4.4840755,3.1033466
2013-07-18T14-00-44.585  3.5260675,4.445755,2.566862
2013-07-18T14-00-44.588  3.334466,4.330794,1.9920574
2013-07-18T14-00-44.605  3.2961457,4.2541533,1.6088544
2013-07-18T14-00-44.607  2.989583,4.1391926,1.2256513
2013-07-18T14-00-44.620  3.4111066,3.7943096,1.7238153
2013-07-18T14-00-44.621  4.100872,4.062552,2.3752606
2013-07-18T14-00-44.641  4.215833,4.100872,2.5285418
2013-07-18T14-00-44.643  4.062552,4.3691144,2.5285418
2013-07-18T14-00-44.658  3.9092705,4.7139974,1.9920574
2013-07-18T14-00-44.660  3.8709502,5.05888,1.3789325
2013-07-18T14-00-44.661  3.5643878,5.173841,0.9957294
2013-07-18T14-00-44.668  3.449427,5.6336846,1.0340496
2013-07-18T14-00-44.689  3.0662239,6.2468095,0.8424481
2013-07-18T14-00-44.690  2.8363018,6.7449737,0.9574091
2013-07-18T14-00-44.710  2.491419,7.013216,1.07237
2013-07-18T14-00-44.711  2.7979815,7.588021,1.3022919
2013-07-18T14-00-44.712  2.721341,8.009544,1.3789325
2013-07-18T14-00-44.716  2.6830206,8.431067,1.187331
2013-07-18T14-00-44.725  2.9129424,8.699309,0.9190887
2013-07-18T14-00-44.740  3.219505,8.929232,0.34428406
2013-07-18T14-00-44.741  2.9129424,9.389075,0.22932312
2013-07-18T14-00-44.755  2.7979815,9.504036,0.03772156
2013-07-18T14-00-44.757  2.1465364,9.848919,0.11436218
2013-07-18T14-00-44.772  1.5334113,9.96388,0.38260436
2013-07-18T14-00-44.773  0.8053253,10.0022,0.8424481
2013-07-18T14-00-44.793  0.03891907,10.232122,1.8004559
2013-07-18T14-00-44.795  -0.26764342,9.92556,2.3369403
2013-07-18T14-00-44.807  -0.7274872,10.040521,2.911745
2013-07-18T14-00-44.808  -1.187331,9.96388,3.3715887
2013-07-18T14-00-44.828  -1.4555731,10.0022,3.4865496
2013-07-18T14-00-44.830  -1.685495,10.0022,3.4482293
2013-07-18T14-00-44.842  -1.8770965,9.887239,3.409909
2013-07-18T14-00-44.843  -2.0303779,9.772279,3.4482293
2013-07-18T14-00-44.859  -2.0686982,9.580677,3.6781511
2013-07-18T14-00-44.861  -1.6471747,9.389075,3.4482293
2013-07-18T14-00-44.862  -1.4938934,9.350755,3.294948
2013-07-18T14-00-44.874  -1.3022919,9.274115,2.6435027
2013-07-18T14-00-44.876  -1.3022919,9.197474,2.566862
2013-07-18T14-00-44.894  -1.3022919,9.159153,2.0686982
2013-07-18T14-00-44.896  -1.5322137,9.005872,2.0303779
2013-07-18T14-00-44.911  -2.1453388,9.235794,2.183659
2013-07-18T14-00-44.912  -2.4902215,9.082513,2.1453388
2013-07-18T14-00-44.925  -2.5285418,8.967552,2.3752606
2013-07-18T14-00-44.927  -2.0303779,8.890911,2.6435027
2013-07-18T14-00-44.941  -1.9154168,8.584349,2.6435027
2013-07-18T14-00-44.943  -1.7238153,8.73763,2.911745
2013-07-18T14-00-44.958  -1.7238153,8.316107,3.1033466
2013-07-18T14-00-44.959  -1.6471747,8.507709,2.9500654
2013-07-18T14-00-44.976  -1.5705341,8.77595,2.566862
2013-07-18T14-00-44.977  -1.8004559,9.082513,2.3752606
2013-07-18T14-00-44.993  -2.0303779,9.312435,1.7238153
2013-07-18T14-00-44.994  -2.2219794,9.5423565,0.9190887
2013-07-18T14-00-45.009  -1.9920574,9.120833,-0.61372375
2013-07-18T14-00-45.010  -2.29862,7.971224,0.1526825
