2013-07-18T14-06-53.198  -8.314909,-11.6104555,-15.290403
2013-07-18T14-06-53.200  -2.0303779,-3.0650263,4.406237
2013-07-18T14-06-53.201  -2.566862,-3.1799872,3.6781511
2013-07-18T14-06-53.209  -2.5285418,-3.6015105,3.1799872
2013-07-18T14-06-53.222  -2.8351045,-4.023034,2.9883857
2013-07-18T14-06-53.225  -2.911745,-4.252956,2.681823
2013-07-18T14-06-53.248  -3.1033466,-4.78944,1.6471747
2013-07-18T14-06-53.250  -3.026706,-5.1726437,1.5322137
2013-07-18T14-06-53.251  -3.0650263,-5.709128,-0.4604425
2013-07-18T14-06-53.256  -3.9847138,-6.5521746,-2.0315752
2013-07-18T14-06-53.276  -4.252956,-7.1269794,-1.5334113
2013-07-18T14-06-53.277  -5.0960026,-7.816745,-4.062552
2013-07-18T14-06-53.298  -5.862409,-8.46819,-3.6410284
2013-07-18T14-06-53.299  -6.628815,-8.736432,-3.6793487
2013-07-18T14-06-53.301  -7.4718623,-8.851394,-4.943919
2013-07-18T14-06-53.305  -8.123307,-8.966354,-4.2541533
2013-07-18T14-06-53.313  -8.46819,-8.851394,-4.8672786
2013-07-18T14-06-53.332  -8.544831,-8.659792,-5.3654423
2013-07-18T14-06-53.333  -7.586823,-8.544831,-4.7139974
2013-07-18T14-06-53.337  -7.318581,-8.199948,-5.518724
2013-07-18T14-06-53.345  -7.1653,-8.199948,-5.9785676
2013-07-18T14-06-53.366  -7.2802606,-7.931706,-6.438411
2013-07-18T14-06-53.368  -6.3988934,-8.199948,-6.515052
2013-07-18T14-06-53.370  -5.364245,-8.238269,-5.9785676
2013-07-18T14-06-53.377  -4.981042,-7.8933854,-5.786966
2013-07-18T14-06-53.398  -4.2912765,-8.084988,-5.7103252
2013-07-18T14-06-53.399  -3.9463935,-7.931706,-5.0972004
2013-07-18T14-06-53.413  -3.9847138,-7.548503,-4.6373568
2013-07-18T14-06-53.415  -3.9080732,-7.318581,-3.717669
2013-07-18T14-06-53.429  -3.7931123,-6.973698,-2.2998176
2013-07-18T14-06-53.432  -4.0996747,-6.858737,-0.95860654
2013-07-18T14-06-53.447  -4.0996747,-6.0156903,0.459245
2013-07-18T14-06-53.448  -3.4865496,-5.479206,1.2256513
2013-07-18T14-06-53.461  -2.3752606,-4.636159,1.8004559
2013-07-18T14-06-53.462  -1.1106904,-3.1033466,2.1453388
2013-07-18T14-06-53.467  -0.9957294,-1.3406122,2.566862
2013-07-18T14-06-53.479  -0.61252624,1.4184504,2.7967842
2013-07-18T14-06-53.481  -1.4555731,4.1391926,3.409909
2013-07-18T14-06-53.494  -2.1070185,5.8636065,4.3295965
2013-07-18T14-06-53.497  -0.8807684,7.626341,5.325925
2013-07-18T14-06-53.511  1.3034893,9.082513,6.973698
2013-07-18T14-06-53.513  4.943919,10.155481,8.161628
2013-07-18T14-06-53.536  9.235794,11.535013,7.7784247
2013-07-18T14-06-53.538  13.489348,14.523997,7.3952217
2013-07-18T14-06-53.539  17.24474,17.589622,6.973698
2013-07-18T14-06-53.545  19.352356,19.428997,7.6634636
2013-07-18T14-06-53.564  19.543959,19.543959,9.426198
2013-07-18T14-06-53.566  19.543959,19.543959,11.418855
2013-07-18T14-06-53.579  19.543959,19.543959,12.415182
2013-07-18T14-06-53.581  19.543959,19.543959,12.989987
2013-07-18T14-06-53.598  19.543959,19.543959,13.028308
2013-07-18T14-06-53.600  19.543959,19.543959,12.415182
2013-07-18T14-06-53.615  19.543959,19.543959,11.572136
2013-07-18T14-06-53.617  19.543959,19.543959,10.384206
2013-07-18T14-06-53.619  19.543959,19.543959,9.234596
2013-07-18T14-06-53.630  19.543959,19.543959,7.548503
2013-07-18T14-06-53.634  19.543959,19.543959,5.325925
2013-07-18T14-06-53.647  19.543959,19.543959,2.1070185
2013-07-18T14-06-53.650  19.543959,19.543959,-0.95860654
2013-07-18T14-06-53.664  19.543959,19.543959,-2.223177
2013-07-18T14-06-53.666  19.543959,19.543959,-1.4184504
2013-07-18T14-06-53.681  19.543959,19.543959,0.61252624
2013-07-18T14-06-53.682  19.543959,19.505638,2.9500654
2013-07-18T14-06-53.699  19.543959,18.892513,5.4025655
2013-07-18T14-06-53.700  19.543959,17.704582,7.5101824
2013-07-18T14-06-53.719  19.084114,16.21009,9.081315
2013-07-18T14-06-53.720  16.861536,14.523997,10.115964
2013-07-18T14-06-53.738  14.715599,12.493021,10.614128
2013-07-18T14-06-53.739  12.33974,10.347083,11.380534
2013-07-18T14-06-53.742  9.92556,8.201145,11.993659
2013-07-18T14-06-53.746  8.009544,6.5533724,12.415182
2013-07-18T14-06-53.771  5.5953646,5.0972004,12.223581
2013-07-18T14-06-53.772  3.7559893,3.6410284,11.993659
2013-07-18T14-06-53.774  1.9549347,1.8782941,11.495495
2013-07-18T14-06-53.778  1.495091,0.8053253,9.502839
2013-07-18T14-06-53.786  1.1502081,-0.65084654,8.621471
2013-07-18T14-06-53.800  0.61372375,-1.685495,7.701784
2013-07-18T14-06-53.802  0.30716124,-2.4902215,7.0886593
2013-07-18T14-06-53.819  -0.1910028,-3.3332684,6.3222528
2013-07-18T14-06-53.820  -0.22932312,-3.5631902,5.97737
2013-07-18T14-06-53.840  -0.11436218,-4.0996747,5.4408855
2013-07-18T14-06-53.841  0.30716124,-4.214636,4.7127995
2013-07-18T14-06-53.857  -0.4975653,-4.78944,3.7164717
2013-07-18T14-06-53.859  -0.8807684,-4.78944,3.3332684
2013-07-18T14-06-53.860  -1.3022919,-4.981042,3.7164717
2013-07-18T14-06-53.867  -1.1106904,-5.1726437,4.252956
2013-07-18T14-06-53.886  -1.2639716,-5.0960026,4.3295965
2013-07-18T14-06-53.887  -1.4938934,-5.325925,4.252956
2013-07-18T14-06-53.901  -2.29862,-5.4408855,3.52487
2013-07-18T14-06-53.903  -3.6015105,-5.019362,2.7584639
2013-07-18T14-06-53.922  -4.5595183,-4.78944,1.9154168
2013-07-18T14-06-53.923  -5.1726437,-4.7127995,0.9574091
2013-07-18T14-06-53.925  -5.134323,-4.5211983,0.11436218
2013-07-18T14-06-53.936  -5.0576825,-4.5595183,-1.4567707
2013-07-18T14-06-53.939  -5.6324873,-4.636159,-2.7596612
2013-07-18T14-06-53.955  -5.7857685,-4.9427214,-4.330794
2013-07-18T14-06-53.956  -5.747448,-5.2492843,-5.8252864
2013-07-18T14-06-53.969  -5.6324873,-5.4408855,-6.2084894
2013-07-18T14-06-53.971  -6.475534,-6.0540104,-5.9785676
2013-07-18T14-06-53.991  -7.3952217,-5.97737,-5.518724
2013-07-18T14-06-53.993  -8.46819,-6.1306515,-4.4840755
2013-07-18T14-06-54.009  -9.272917,-6.0540104,-3.5260675
2013-07-18T14-06-54.011  -9.69444,-6.0540104,-2.4147785
2013-07-18T14-06-54.012  -9.73276,-5.709128,-1.4184504
2013-07-18T14-06-54.019  -8.966354,-5.6708074,-1.3034893
2013-07-18T14-06-54.042  -8.161628,-5.97737,-1.4567707
2013-07-18T14-06-54.043  -7.0503387,-5.9390497,-1.6866925
2013-07-18T14-06-54.055  -6.628815,-5.6324873,-2.0315752
2013-07-18T14-06-54.057  -6.207292,-5.2109637,-2.5297394
2013-07-18T14-06-54.071  -6.437214,-4.981042,-3.3727863
2013-07-18T14-06-54.072  -6.092331,-4.597839,-3.9859114
2013-07-18T14-06-54.076  -5.862409,-4.636159,-3.83263
2013-07-18T14-06-54.091  -5.134323,-4.78944,-4.062552
2013-07-18T14-06-54.093  -4.4828777,-4.9427214,-4.4074345
2013-07-18T14-06-54.105  -3.4482293,-5.2109637,-4.330794
2013-07-18T14-06-54.107  -2.2602997,-5.134323,-4.560716
2013-07-18T14-06-54.121  -1.0340496,-5.2109637,-4.1391926
2013-07-18T14-06-54.124  -0.8807684,-4.7127995,-3.83263
2013-07-18T14-06-54.138  -0.7274872,-3.9080732,-3.717669
2013-07-18T14-06-54.140  -0.34428406,-1.9537371,-2.874622
2013-07-18T14-06-54.160  0.92028624,-0.61252624,-2.1465364
2013-07-18T14-06-54.162  3.1811848,0.49876282,-1.6866925
2013-07-18T14-06-54.174  6.055208,1.6483722,-2.3764582
2013-07-18T14-06-54.175  9.159153,2.0698957,-3.9092705
2013-07-18T14-06-54.199  12.33974,2.6830206,-6.055208
2013-07-18T14-06-54.200  14.409037,2.7979815,-7.588021
2013-07-18T14-06-54.216  14.179114,3.449427,-7.396419
2013-07-18T14-06-54.218  12.186459,4.4840755,-5.173841
2013-07-18T14-06-54.219  10.9985285,5.327122,-1.3418097
2013-07-18T14-06-54.220  10.730287,6.7066536,3.1799872
2013-07-18T14-06-54.228  12.4547,9.465716,8.314909
2013-07-18T14-06-54.245  16.440012,11.726614,12.10862
2013-07-18T14-06-54.246  19.467318,12.722942,12.836706
2013-07-18T14-06-54.265  19.543959,12.569661,11.073972
2013-07-18T14-06-54.266  19.543959,11.496693,7.012018
2013-07-18T14-06-54.268  19.543959,10.500364,3.6015105
2013-07-18T14-06-54.276  19.543959,9.504036,4.252956
2013-07-18T14-06-54.296  19.543959,7.971224,8.851394
2013-07-18T14-06-54.298  19.543959,7.281458,16.132254
2013-07-18T14-06-54.314  17.704582,6.783294,19.581081
2013-07-18T14-06-54.316  12.799583,7.243138,19.581081
2013-07-18T14-06-54.332  9.350755,7.9329033,19.581081
2013-07-18T14-06-54.333  7.051536,8.929232,19.581081
2013-07-18T14-06-54.334  6.8216143,9.005872,19.581081
2013-07-18T14-06-54.340  7.626341,8.814271,19.581081
2013-07-18T14-06-54.363  8.316107,8.699309,19.581081
2013-07-18T14-06-54.365  8.431067,8.584349,19.159557
2013-07-18T14-06-54.367  8.277786,8.77595,17.435143
2013-07-18T14-06-54.388  6.9748955,9.120833,16.438816
2013-07-18T14-06-54.389  5.5953646,9.235794,15.74905
2013-07-18T14-06-54.390  4.7139974,9.657317,14.944324
2013-07-18T14-06-54.397  4.1775126,9.274115,13.871354
2013-07-18T14-06-54.415  4.292474,9.312435,12.453503
2013-07-18T14-06-54.417  4.4840755,8.967552,10.805729
2013-07-18T14-06-54.430  4.7139974,8.66099,9.272917
2013-07-18T14-06-54.433  5.0972004,8.507709,8.238269
2013-07-18T14-06-54.455  5.0972004,8.162826,7.3952217
2013-07-18T14-06-54.457  4.790638,7.7029815,6.820417
2013-07-18T14-06-54.459  4.1391926,7.013216,6.5138545
2013-07-18T14-06-54.461  3.717669,6.7449737,6.5138545
2013-07-18T14-06-54.491  3.1428645,6.131849,6.590495
2013-07-18T14-06-54.493  2.9129424,5.8252864,6.3988934
2013-07-18T14-06-54.495  2.5680597,5.05888,6.207292
2013-07-18T14-06-54.496  2.6830206,4.790638,6.1306515
2013-07-18T14-06-54.513  2.4530988,4.5223956,6.1689715
2013-07-18T14-06-54.515  2.3764582,4.3691144,6.2839327
2013-07-18T14-06-54.531  2.0698957,4.0242314,6.475534
2013-07-18T14-06-54.532  1.8399738,4.1775126,6.1306515
2013-07-18T14-06-54.535  1.7250128,3.9859114,5.900729
2013-07-18T14-06-54.555  1.1118878,3.717669,5.709128
2013-07-18T14-06-54.563  1.2268487,3.7559893,5.2876043
2013-07-18T14-06-54.565  1.3034893,3.9475908,5.2492843
2013-07-18T14-06-54.566  1.1885284,3.8709502,5.019362
2013-07-18T14-06-54.579  1.265169,3.717669,5.019362
2013-07-18T14-06-54.581  1.265169,3.83263,4.9044013
2013-07-18T14-06-54.599  1.1118878,3.7943096,5.0576825
2013-07-18T14-06-54.601  0.95860654,3.6410284,5.4025655
2013-07-18T14-06-54.615  0.92028624,3.4877472,5.8240886
2013-07-18T14-06-54.617  0.72868466,3.4111066,6.475534
2013-07-18T14-06-54.631  0.65204406,3.6793487,6.8970575
2013-07-18T14-06-54.633  0.53708315,3.3727863,7.20362
2013-07-18T14-06-54.651  0.34548157,3.334466,7.548503
2013-07-18T14-06-54.652  0.11555969,3.4111066,7.701784
2013-07-18T14-06-54.666  0.15388,3.6410284,7.931706
2013-07-18T14-06-54.667  -0.07604187,3.9475908,8.314909
2013-07-18T14-06-54.681  0.07723938,3.7559893,8.42987
2013-07-18T14-06-54.683  -0.07604187,4.1775126,8.889713
2013-07-18T14-06-54.685  0.03891907,4.292474,8.928034
2013-07-18T14-06-54.706  -0.1910028,4.560716,8.966354
2013-07-18T14-06-54.707  -0.1910028,4.4074345,9.081315
2013-07-18T14-06-54.709  -0.1526825,4.4074345,9.157956
2013-07-18T14-06-54.717  -0.4975653,4.292474,9.502839
2013-07-18T14-06-54.733  -0.8424481,4.445755,9.311237
2013-07-18T14-06-54.735  -1.5322137,4.675677,9.426198
2013-07-18T14-06-54.753  -1.8387762,5.1355205,9.119636
2013-07-18T14-06-54.755  -2.183659,5.2504816,8.813073
2013-07-18T14-06-54.767  -2.911745,5.518724,7.970026
2013-07-18T14-06-54.769  -3.141667,5.518724,7.3952217
