2013-07-18T14-24-18.048  -6.5138545,-3.9080732,3.52487
2013-07-18T14-24-18.050  -0.53588563,-0.8807684,-0.61372375
2013-07-18T14-24-18.053  -0.34428406,-0.68916684,-0.92028624
2013-07-18T14-24-18.072  -0.1526825,-0.65084654,-1.3418097
2013-07-18T14-24-18.076  -0.07604187,-0.4975653,-1.9549347
2013-07-18T14-24-18.093  0.07723938,-0.61252624,-2.7979815
2013-07-18T14-24-18.094  0.65204406,-0.4975653,-2.7979815
2013-07-18T14-24-18.096  0.9969269,-0.1910028,-4.790638
2013-07-18T14-24-18.101  1.265169,-0.07604187,-3.9475908
2013-07-18T14-24-18.125  1.495091,0.07723938,-3.1811848
2013-07-18T14-24-18.127  1.1502081,0.03891907,-4.7139974
2013-07-18T14-24-18.144  1.6866925,0.53708315,-2.6830206
2013-07-18T14-24-18.146  1.4184504,0.84364563,-2.874622
2013-07-18T14-24-18.147  1.5334113,1.3034893,-3.5260675
2013-07-18T14-24-18.149  1.9166144,1.4184504,-2.0315752
2013-07-18T14-24-18.159  2.1848567,1.6866925,-2.7979815
2013-07-18T14-24-18.178  2.0315752,2.3381379,-2.7979815
2013-07-18T14-24-18.181  2.5297394,2.721341,-1.6866925
2013-07-18T14-24-18.182  2.60638,2.874622,-2.0698957
2013-07-18T14-24-18.190  2.5680597,3.1045442,-1.1885284
2013-07-18T14-24-18.207  2.491419,3.602708,-0.30716124
2013-07-18T14-24-18.210  2.721341,3.9859114,-0.07723938
2013-07-18T14-24-18.222  2.721341,4.100872,1.1490107
2013-07-18T14-24-18.223  2.1465364,4.675677,1.9154168
2013-07-18T14-24-18.238  1.9549347,5.1355205,2.3752606
2013-07-18T14-24-18.239  2.0698957,5.403763,3.6015105
2013-07-18T14-24-18.254  1.8399738,5.6336846,3.754792
2013-07-18T14-24-18.256  1.4567707,6.055208,4.061354
2013-07-18T14-24-18.271  1.4184504,6.438411,4.78944
2013-07-18T14-24-18.273  2.108216,6.515052,4.5595183
2013-07-18T14-24-18.288  2.1465364,6.438411,5.364245
2013-07-18T14-24-18.289  2.5297394,6.7066536,6.1689715
2013-07-18T14-24-18.306  3.1045442,7.013216,6.8970575
2013-07-18T14-24-18.307  3.1428645,7.51138,8.621471
2013-07-18T14-24-18.309  3.2961457,7.9329033,9.8094015
2013-07-18T14-24-18.323  3.2578254,8.584349,11.342214
2013-07-18T14-24-18.326  3.334466,9.159153,12.760065
2013-07-18T14-24-18.342  3.3727863,9.92556,14.101276
2013-07-18T14-24-18.343  3.5643878,10.577005,15.135924
2013-07-18T14-24-18.358  3.717669,11.343411,16.285534
2013-07-18T14-24-18.359  3.8709502,12.186459,17.12858
2013-07-18T14-24-18.375  4.215833,12.722942,18.584753
2013-07-18T14-24-18.376  4.5223956,12.722942,19.54276
2013-07-18T14-24-18.392  5.05888,12.722942,19.581081
2013-07-18T14-24-18.393  5.327122,12.033176,19.581081
2013-07-18T14-24-18.406  5.4420834,11.764935,19.581081
2013-07-18T14-24-18.407  5.2888017,11.381732,19.581081
2013-07-18T14-24-18.426  4.8672786,10.921887,19.581081
2013-07-18T14-24-18.427  4.4074345,10.270443,19.581081
2013-07-18T14-24-18.446  4.100872,9.657317,19.581081
2013-07-18T14-24-18.448  4.062552,9.005872,19.581081
2013-07-18T14-24-18.449  3.4877472,8.047864,19.581081
2013-07-18T14-24-18.462  2.874622,7.396419,19.581081
2013-07-18T14-24-18.464  1.8782941,7.1281767,19.389479
2013-07-18T14-24-18.482  1.265169,6.438411,18.43147
2013-07-18T14-24-18.483  0.8053253,5.748646,17.12858
2013-07-18T14-24-18.486  0.03891907,5.3654423,15.74905
2013-07-18T14-24-18.495  5.987549E-4,4.828958,14.062956
2013-07-18T14-24-18.508  -0.459245,4.330794,12.683425
2013-07-18T14-24-18.510  -0.68916684,3.602708,10.805729
2013-07-18T14-24-18.540  -1.07237,3.334466,9.234596
2013-07-18T14-24-18.541  -1.2256513,3.0279036,7.6251435
2013-07-18T14-24-18.543  -1.6088544,2.721341,6.245612
2013-07-18T14-24-18.545  -2.0686982,2.2614973,4.8660808
2013-07-18T14-24-18.561  -2.3369403,1.6100519,3.3715887
2013-07-18T14-24-18.562  -2.413581,0.88196594,2.3752606
2013-07-18T14-24-18.578  -2.4902215,0.88196594,1.3022919
2013-07-18T14-24-18.579  -2.7584639,0.53708315,0.22932312
2013-07-18T14-24-18.595  -2.7201433,0.03891907,-0.49876282
2013-07-18T14-24-18.597  -2.5285418,-0.4209247,-1.0352472
2013-07-18T14-24-18.617  -2.4902215,-0.8424481,-1.7250128
2013-07-18T14-24-18.619  -2.3369403,-1.4172528,-2.3381379
2013-07-18T14-24-18.620  -2.5285418,-1.5705341,-2.6830206
2013-07-18T14-24-18.638  -2.4902215,-2.183659,-3.2961457
2013-07-18T14-24-18.640  -2.2219794,-2.6051824,-3.8709502
2013-07-18T14-24-18.658  -2.1070185,-2.7967842,-4.062552
2013-07-18T14-24-18.660  -1.685495,-2.7584639,-4.100872
2013-07-18T14-24-18.661  -1.6471747,-2.8734248,-4.0242314
2013-07-18T14-24-18.662  -1.3789325,-2.6051824,-3.2961457
2013-07-18T14-24-18.680  -1.1106904,-2.29862,-2.7979815
2013-07-18T14-24-18.681  -0.53588563,-2.183659,-2.3381379
2013-07-18T14-24-18.698  5.987549E-4,-1.3022919,-2.0698957
2013-07-18T14-24-18.699  0.57540345,-0.8424481,-1.5334113
2013-07-18T14-24-18.714  1.4567707,-0.61252624,-0.767005
2013-07-18T14-24-18.715  0.88196594,-0.07604187,-0.57540345
2013-07-18T14-24-18.730  1.1885284,0.69036436,-5.987549E-4
2013-07-18T14-24-18.731  1.4567707,1.6866925,0.8807684
2013-07-18T14-24-18.748  2.1465364,2.223177,1.9154168
2013-07-18T14-24-18.749  2.9129424,2.8363018,3.141667
2013-07-18T14-24-18.751  3.4877472,3.83263,4.636159
2013-07-18T14-24-18.763  4.4840755,4.7523174,6.5138545
2013-07-18T14-24-18.767  5.2888017,5.327122,8.506511
2013-07-18T14-24-18.781  5.672005,6.28513,10.614128
2013-07-18T14-24-18.783  6.0935283,6.7066536,12.453503
2013-07-18T14-24-18.805  6.3617706,6.859935,13.37319
2013-07-18T14-24-18.807  6.32345,7.166497,14.216237
2013-07-18T14-24-18.808  6.0935283,7.358099,14.867682
2013-07-18T14-24-18.816  5.940247,7.6646614,15.6340885
2013-07-18T14-24-18.834  5.7103252,8.201145,15.9789715
2013-07-18T14-24-18.836  6.055208,8.124505,16.93698
2013-07-18T14-24-18.854  5.8636065,8.814271,18.23987
2013-07-18T14-24-18.856  6.0935283,8.929232,19.351158
2013-07-18T14-24-18.858  5.9785676,9.120833,19.581081
2013-07-18T14-24-18.864  6.0168877,9.312435,19.581081
2013-07-18T14-24-18.883  6.055208,9.235794,19.581081
2013-07-18T14-24-18.885  6.055208,8.890911,19.581081
2013-07-18T14-24-18.899  5.8636065,8.584349,19.31284
2013-07-18T14-24-18.900  5.6336846,8.047864,18.27819
2013-07-18T14-24-18.904  5.5953646,7.396419,17.435143
2013-07-18T14-24-18.916  5.327122,6.5916924,16.132254
2013-07-18T14-24-18.920  4.828958,6.28513,15.135924
2013-07-18T14-24-18.933  4.4074345,5.9785676,13.871354
2013-07-18T14-24-18.936  4.100872,5.940247,12.989987
2013-07-18T14-24-18.950  3.5260675,5.901927,12.10862
2013-07-18T14-24-18.952  3.4111066,6.5916924,11.572136
2013-07-18T14-24-18.971  2.7596612,7.396419,11.188932
2013-07-18T14-24-18.973  2.721341,7.9329033,11.342214
2013-07-18T14-24-18.986  2.7596612,7.9329033,11.380534
2013-07-18T14-24-18.987  3.1428645,7.741302,11.035651
2013-07-18T14-24-19.002  4.1391926,7.2048173,10.384206
2013-07-18T14-24-19.003  5.0972004,6.476732,9.8094015
2013-07-18T14-24-19.019  6.28513,6.055208,9.387877
2013-07-18T14-24-19.020  6.859935,5.9785676,9.65612
2013-07-18T14-24-19.036  7.4730597,5.901927,9.8094015
2013-07-18T14-24-19.037  7.4347396,5.940247,9.771081
2013-07-18T14-24-19.057  7.51138,6.0935283,9.579479
2013-07-18T14-24-19.059  7.8179426,6.0168877,9.119636
2013-07-18T14-24-19.060  8.469388,5.3654423,8.084988
2013-07-18T14-24-19.064  8.967552,5.05888,7.4718623
2013-07-18T14-24-19.072  9.465716,4.445755,6.590495
2013-07-18T14-24-19.087  9.92556,3.5643878,4.9044013
2013-07-18T14-24-19.089  10.117161,2.7979815,3.2183075
2013-07-18T14-24-19.102  10.960208,2.721341,1.685495
2013-07-18T14-24-19.104  11.994857,1.6866925,1.0340496
2013-07-18T14-24-19.119  12.876224,1.1118878,0.9190887
2013-07-18T14-24-19.120  13.144466,0.53708315,1.187331
2013-07-18T14-24-19.140  12.991184,0.30716124,2.0686982
2013-07-18T14-24-19.143  12.531341,-0.4209247,2.7584639
2013-07-18T14-24-19.161  11.381732,-0.8041278,3.294948
2013-07-18T14-24-19.162  10.155481,-1.187331,3.7164717
2013-07-18T14-24-19.163  8.73763,-1.3789325,4.1763153
2013-07-18T14-24-19.169  7.396419,-1.8004559,4.061354
2013-07-18T14-24-19.188  6.3617706,-2.3369403,3.52487
2013-07-18T14-24-19.189  4.7523174,-2.5285418,2.9500654
2013-07-18T14-24-19.205  3.5643878,-2.8351045,1.9920574
2013-07-18T14-24-19.206  2.4147785,-2.5285418,1.3789325
2013-07-18T14-24-19.222  1.8782941,-2.2219794,1.1490107
2013-07-18T14-24-19.224  1.3034893,-2.1070185,1.1106904
2013-07-18T14-24-19.226  0.53708315,-1.8387762,1.4938934
2013-07-18T14-24-19.240  0.30716124,-1.3406122,1.4172528
2013-07-18T14-24-19.242  -0.30596375,-1.1490107,1.4938934
2013-07-18T14-24-19.258  -0.9574091,-0.1910028,1.187331
2013-07-18T14-24-19.259  -1.8004559,0.19220032,1.07237
2013-07-18T14-24-19.274  -2.9883857,0.72868466,1.1490107
2013-07-18T14-24-19.276  -3.7931123,0.88196594,1.07237
2013-07-18T14-24-19.291  -4.6744795,1.3418097,1.3406122
2013-07-18T14-24-19.292  -5.5558467,2.108216,2.1070185
2013-07-18T14-24-19.312  -5.900729,2.1465364,3.1799872
2013-07-18T14-24-19.317  -6.5138545,2.7979815,3.869753
2013-07-18T14-24-19.318  -6.628815,3.1045442,4.4445577
2013-07-18T14-24-19.321  -6.5521746,3.3727863,4.7127995
2013-07-18T14-24-19.341  -6.5138545,3.7559893,5.019362
2013-07-18T14-24-19.343  -6.245612,3.9092705,5.2876043
2013-07-18T14-24-19.359  -5.479206,3.6793487,5.134323
2013-07-18T14-24-19.361  -5.2492843,3.8709502,5.517526
2013-07-18T14-24-19.362  -4.367917,4.100872,5.517526
2013-07-18T14-24-19.377  -3.9080732,4.3691144,5.8240886
2013-07-18T14-24-19.379  -3.026706,4.6373568,5.8240886
2013-07-18T14-24-19.391  -1.9154168,4.6373568,5.2876043
2013-07-18T14-24-19.393  -0.57420594,4.7523174,4.9427214
2013-07-18T14-24-19.407  1.265169,4.9822392,4.4445577
2013-07-18T14-24-19.409  3.1811848,4.9822392,4.3295965
2013-07-18T14-24-19.425  4.828958,5.02056,4.023034
2013-07-18T14-24-19.426  6.28513,5.212161,3.9463935
2013-07-18T14-24-19.441  7.243138,5.4804034,3.2183075
2013-07-18T14-24-19.442  7.1281767,5.557044,2.681823
2013-07-18T14-24-19.458  7.051536,5.557044,2.3369403
2013-07-18T14-24-19.460  6.668333,5.4804034,2.0303779
2013-07-18T14-24-19.475  6.170169,5.403763,2.2602997
2013-07-18T14-24-19.476  6.055208,5.4420834,1.8004559
2013-07-18T14-24-19.492  6.630013,5.173841,2.4519012
2013-07-18T14-24-19.493  7.971224,5.2888017,3.2566278
2013-07-18T14-24-19.509  9.733958,5.3654423,4.137995
2013-07-18T14-24-19.510  11.420052,5.5953646,4.8660808
2013-07-18T14-24-19.515  13.106146,5.4420834,4.9427214
2013-07-18T14-24-19.529  14.409037,5.5953646,5.134323
2013-07-18T14-24-19.530  15.252083,5.4420834,4.75112
2013-07-18T14-24-19.543  15.520326,5.748646,4.78944
2013-07-18T14-24-19.546  15.252083,5.212161,4.5211983
2013-07-18T14-24-19.560  14.753919,4.828958,5.2492843
2013-07-18T14-24-19.562  14.217435,4.3691144,5.4408855
2013-07-18T14-24-19.579  13.297748,4.4074345,5.900729
2013-07-18T14-24-19.580  12.722942,4.3691144,6.590495
2013-07-18T14-24-19.594  12.684622,4.215833,7.0503387
2013-07-18T14-24-19.595  12.41638,4.1391926,7.586823
2013-07-18T14-24-19.610  12.186459,4.3691144,8.238269
2013-07-18T14-24-19.612  11.611653,4.062552,8.506511
2013-07-18T14-24-19.628  10.615325,3.8709502,9.119636
2013-07-18T14-24-19.629  9.159153,3.602708,9.6178
2013-07-18T14-24-19.645  8.162826,3.219505,9.847721
2013-07-18T14-24-19.646  7.243138,3.334466,10.307566
2013-07-18T14-24-19.668  6.28513,2.9129424,10.652448
2013-07-18T14-24-19.669  4.7523174,2.7979815,11.495495
2013-07-18T14-24-19.670  3.4877472,3.1428645,12.185261
2013-07-18T14-24-19.682  2.1465364,3.1045442,12.989987
2013-07-18T14-24-19.683  1.1885284,3.1045442,13.564792
2013-07-18T14-24-19.696  0.57540345,3.219505,13.909675
2013-07-18T14-24-19.698  -0.1526825,3.2578254,14.254558
2013-07-18T14-24-19.713  -0.65084654,3.3727863,14.791042
2013-07-18T14-24-19.715  -1.3022919,3.449427,15.557448
2013-07-18T14-24-19.732  -1.8770965,3.6410284,15.9789715
2013-07-18T14-24-19.733  -2.7967842,3.717669,16.477135
2013-07-18T14-24-19.748  -3.2183075,3.7943096,16.323854
2013-07-18T14-24-19.750  -4.061354,3.9475908,15.940651
2013-07-18T14-24-19.764  -4.252956,3.9475908,15.519128
2013-07-18T14-24-19.765  -4.5211983,4.1775126,14.63776
2013-07-18T14-24-19.787  -4.3295965,3.83263,14.101276
2013-07-18T14-24-19.789  -4.061354,4.062552,13.181589
2013-07-18T14-24-19.790  -3.4482293,4.1391926,12.10862
2013-07-18T14-24-19.795  -2.7967842,3.9859114,11.687097
2013-07-18T14-24-19.815  -2.0686982,4.100872,11.380534
2013-07-18T14-24-19.817  -1.5705341,4.1391926,11.112292
2013-07-18T14-24-19.819  -1.1106904,4.2541533,11.035651
2013-07-18T14-24-19.832  -1.187331,3.5260675,10.115964
2013-07-18T14-24-19.835  -1.0340496,4.1391926,9.234596
2013-07-18T14-24-19.848  -0.9190887,3.6410284,8.774753
2013-07-18T14-24-19.851  -0.7274872,3.5260675,8.46819
2013-07-18T14-24-19.865  -0.9957294,4.0242314,8.42987
2013-07-18T14-24-19.867  -0.9574091,3.8709502,8.6981125
2013-07-18T14-24-19.882  -0.9574091,3.4877472,8.621471
2013-07-18T14-24-19.884  -0.65084654,3.5260675,8.6981125
2013-07-18T14-24-19.900  -0.4209247,3.4877472,8.851394
2013-07-18T14-24-19.901  -0.57420594,3.1428645,9.004675
2013-07-18T14-24-19.919  -0.65084654,3.5260675,8.928034
2013-07-18T14-24-19.921  -0.65084654,3.0279036,9.004675
