2013-07-18T14-24-14.094  4.100872,1.3034893,-11.535013
2013-07-18T14-24-14.097  1.8016534,0.95860654,-4.790638
2013-07-18T14-24-14.105  1.9549347,1.4184504,-4.7139974
2013-07-18T14-24-14.119  1.8016534,1.8782941,-3.9475908
2013-07-18T14-24-14.121  1.6100519,2.108216,-2.989583
2013-07-18T14-24-14.135  1.3418097,2.6830206,-2.4530988
2013-07-18T14-24-14.137  0.95860654,3.0662239,0.07604187
2013-07-18T14-24-14.153  0.23052064,3.7943096,-0.72868466
2013-07-18T14-24-14.154  0.15388,4.4074345,0.4209247
2013-07-18T14-24-14.170  0.03891907,5.1355205,1.8004559
2013-07-18T14-24-14.171  -0.07604187,5.901927,-0.23052064
2013-07-18T14-24-14.187  0.38380188,6.3617706,0.8424481
2013-07-18T14-24-14.188  0.57540345,6.898255,1.5705341
2013-07-18T14-24-14.203  0.53708315,7.396419,1.5705341
2013-07-18T14-24-14.205  0.65204406,7.358099,4.1763153
2013-07-18T14-24-14.222  0.84364563,7.013216,5.2876043
2013-07-18T14-24-14.223  1.0352472,7.281458,7.20362
2013-07-18T14-24-14.240  0.9969269,7.3197784,10.230925
2013-07-18T14-24-14.241  0.69036436,7.51138,10.920691
2013-07-18T14-24-14.243  0.30716124,8.354427,12.03198
2013-07-18T14-24-14.254  0.38380188,9.465716,12.453503
2013-07-18T14-24-14.257  0.38380188,10.730287,12.376863
2013-07-18T14-24-14.272  1.38013,11.535013,13.29655
2013-07-18T14-24-14.273  2.108216,12.148138,14.407839
2013-07-18T14-24-14.288  2.721341,12.722942,15.365847
2013-07-18T14-24-14.289  2.9512627,13.412708,17.780025
2013-07-18T14-24-14.306  3.0279036,13.757591,19.006277
2013-07-18T14-24-14.307  3.449427,14.447356,19.54276
2013-07-18T14-24-14.322  3.219505,15.213763,19.581081
2013-07-18T14-24-14.323  3.602708,15.673607,19.581081
2013-07-18T14-24-14.339  4.2541533,15.558645,19.581081
2013-07-18T14-24-14.340  5.0972004,15.673607,19.581081
2013-07-18T14-24-14.355  6.7449737,14.94552,19.581081
2013-07-18T14-24-14.356  7.971224,14.102474,19.581081
2013-07-18T14-24-14.375  9.274115,13.297748,19.581081
2013-07-18T14-24-14.376  9.350755,12.301419,19.54276
2013-07-18T14-24-14.393  9.389075,11.726614,19.389479
2013-07-18T14-24-14.395  8.890911,10.845247,18.39315
2013-07-18T14-24-14.409  7.9329033,9.96388,17.12858
2013-07-18T14-24-14.410  7.051536,9.235794,15.327526
2013-07-18T14-24-14.412  6.3617706,8.469388,13.679752
2013-07-18T14-24-14.423  5.748646,7.4730597,12.300221
2013-07-18T14-24-14.426  4.828958,6.8216143,11.303893
2013-07-18T14-24-14.439  3.8709502,6.32345,9.886042
2013-07-18T14-24-14.442  3.4111066,5.5953646,8.276588
2013-07-18T14-24-14.456  2.9512627,5.02056,7.012018
2013-07-18T14-24-14.458  2.721341,4.4840755,5.6324873
2013-07-18T14-24-14.473  2.3381379,3.9092705,4.8660808
2013-07-18T14-24-14.475  2.223177,3.4111066,3.9463935
2013-07-18T14-24-14.491  2.0315752,2.874622,3.1033466
2013-07-18T14-24-14.492  1.7250128,2.2614973,2.566862
2013-07-18T14-24-14.507  1.4184504,1.6866925,1.9154168
2013-07-18T14-24-14.508  1.2268487,1.1502081,1.2256513
2013-07-18T14-24-14.524  1.0352472,0.8053253,0.9574091
2013-07-18T14-24-14.525  0.42212218,0.30716124,0.65084654
2013-07-18T14-24-14.541  0.26884094,-0.07604187,0.8041278
2013-07-18T14-24-14.543  -0.03772156,-0.26764342,0.7658075
2013-07-18T14-24-14.547  -0.22932312,-0.53588563,0.61252624
2013-07-18T14-24-14.559  -0.53588563,-0.9190887,0.53588563
2013-07-18T14-24-14.563  -0.7658075,-1.1490107,0.34428406
2013-07-18T14-24-14.577  -0.8807684,-1.5705341,-0.30716124
2013-07-18T14-24-14.578  -1.07237,-1.5322137,-0.53708315
2013-07-18T14-24-14.598  -1.3406122,-1.7238153,-0.92028624
2013-07-18T14-24-14.599  -1.6088544,-1.9154168,-1.265169
2013-07-18T14-24-14.602  -1.8770965,-1.6471747,-1.265169
2013-07-18T14-24-14.610  -1.8770965,-1.685495,-1.1502081
2013-07-18T14-24-14.625  -2.1453388,-1.1490107,-0.65204406
2013-07-18T14-24-14.626  -1.9537371,-1.0340496,-0.69036436
2013-07-18T14-24-14.645  -2.183659,-1.1490107,-0.38380188
2013-07-18T14-24-14.646  -1.9537371,-0.57420594,0.22932312
2013-07-18T14-24-14.661  -1.7238153,-0.1526825,0.68916684
2013-07-18T14-24-14.662  -1.2256513,-0.11436218,1.2256513
2013-07-18T14-24-14.677  -0.4975653,0.19220032,1.8387762
2013-07-18T14-24-14.679  0.03891907,0.57540345,2.2602997
2013-07-18T14-24-14.694  0.84364563,0.88196594,2.3752606
2013-07-18T14-24-14.695  1.495091,1.4567707,2.9500654
2013-07-18T14-24-14.700  2.108216,2.223177,3.52487
2013-07-18T14-24-14.712  2.721341,2.7596612,4.137995
2013-07-18T14-24-14.714  3.219505,3.3727863,4.5211983
2013-07-18T14-24-14.728  4.1391926,4.1391926,5.6708074
2013-07-18T14-24-14.730  4.828958,4.6373568,6.2839327
2013-07-18T14-24-14.745  5.557044,5.0972004,7.012018
2013-07-18T14-24-14.747  6.2084894,6.055208,8.084988
2013-07-18T14-24-14.761  7.281458,6.9748955,9.234596
2013-07-18T14-24-14.763  8.009544,7.779622,10.997331
2013-07-18T14-24-14.779  9.887239,9.082513,11.878698
2013-07-18T14-24-14.780  11.305091,9.427396,12.798386
2013-07-18T14-24-14.798  13.182786,10.155481,13.718073
2013-07-18T14-24-14.799  14.485677,11.15181,14.752722
2013-07-18T14-24-14.819  15.328724,11.611653,15.289206
2013-07-18T14-24-14.821  15.750247,11.573333,15.902331
2013-07-18T14-24-14.822  15.520326,12.301419,16.323854
2013-07-18T14-24-14.830  14.86888,11.26677,16.783699
2013-07-18T14-24-14.846  13.64263,10.6536455,16.668737
2013-07-18T14-24-14.848  12.148138,10.347083,16.592096
2013-07-18T14-24-14.863  11.573333,9.810598,16.860338
2013-07-18T14-24-14.864  11.075169,8.201145,16.630417
2013-07-18T14-24-14.867  9.92556,7.8562627,16.898659
2013-07-18T14-24-14.882  8.66099,6.9748955,16.362175
2013-07-18T14-24-14.883  7.51138,6.28513,16.055613
2013-07-18T14-24-14.897  6.32345,5.6336846,14.829362
2013-07-18T14-24-14.899  5.0972004,5.3654423,13.986316
2013-07-18T14-24-14.915  3.9092705,4.828958,13.258229
2013-07-18T14-24-14.917  3.0279036,4.4074345,10.88237
2013-07-18T14-24-14.932  1.993255,3.7943096,9.8094015
2013-07-18T14-24-14.934  1.0735675,3.8709502,9.541159
2013-07-18T14-24-14.948  0.11555969,3.602708,9.081315
2013-07-18T14-24-14.949  -0.7658075,3.9859114,8.621471
2013-07-18T14-24-14.965  -1.3789325,3.9092705,8.238269
2013-07-18T14-24-14.966  -2.1453388,3.9859114,7.931706
2013-07-18T14-24-14.982  -2.413581,3.717669,7.433542
2013-07-18T14-24-14.984  -2.911745,3.449427,7.20362
2013-07-18T14-24-15.001  -2.6435027,3.6410284,7.1269794
2013-07-18T14-24-15.002  -2.4902215,3.6410284,7.1269794
2013-07-18T14-24-15.004  -1.6088544,3.334466,7.1653
2013-07-18T14-24-15.017  -1.0340496,3.1045442,7.6634636
2013-07-18T14-24-15.023  -0.8041278,3.334466,8.046667
2013-07-18T14-24-15.034  -1.1106904,3.2578254,8.544831
2013-07-18T14-24-15.036  -1.9920574,3.334466,8.813073
2013-07-18T14-24-15.050  -3.141667,2.9512627,8.736432
2013-07-18T14-24-15.052  -3.52487,2.8363018,7.8933854
2013-07-18T14-24-15.068  -4.023034,3.1428645,7.1269794
2013-07-18T14-24-15.069  -3.869753,3.1811848,6.0540104
2013-07-18T14-24-15.087  -3.2566278,3.4877472,4.7127995
2013-07-18T14-24-15.088  -2.183659,3.5260675,3.4482293
2013-07-18T14-24-15.102  -1.187331,3.6410284,2.1070185
2013-07-18T14-24-15.103  0.07723938,3.6793487,1.2639716
2013-07-18T14-24-15.118  1.7250128,4.292474,0.4975653
2013-07-18T14-24-15.119  3.1428645,4.1775126,0.11436218
2013-07-18T14-24-15.138  4.7523174,4.7523174,-0.15388
2013-07-18T14-24-15.139  5.3654423,4.9055986,-0.07723938
2013-07-18T14-24-15.152  6.28513,4.6373568,0.26764342
2013-07-18T14-24-15.153  6.7066536,4.8672786,0.1910028
2013-07-18T14-24-15.157  7.166497,5.05888,-5.987549E-4
2013-07-18T14-24-15.170  7.8179426,4.7523174,-0.23052064
2013-07-18T14-24-15.172  7.626341,4.599036,-0.07723938
2013-07-18T14-24-15.188  7.588021,4.445755,-0.03891907
2013-07-18T14-24-15.191  6.783294,4.330794,0.34428406
2013-07-18T14-24-15.205  6.32345,4.7139974,0.7274872
2013-07-18T14-24-15.207  5.672005,4.4840755,1.1106904
2013-07-18T14-24-15.223  4.7139974,4.2541533,1.4555731
2013-07-18T14-24-15.224  4.100872,4.4840755,2.1453388
2013-07-18T14-24-15.239  3.4111066,4.599036,2.8734248
2013-07-18T14-24-15.240  2.3764582,4.5223956,3.754792
2013-07-18T14-24-15.255  1.4567707,4.7523174,5.019362
2013-07-18T14-24-15.257  0.07723938,4.790638,6.3988934
2013-07-18T14-24-15.274  -1.1490107,5.02056,7.6634636
2013-07-18T14-24-15.276  -2.4519012,5.0972004,8.3532295
2013-07-18T14-24-15.290  -3.6781511,5.5953646,8.583151
2013-07-18T14-24-15.292  -4.4445577,5.672005,8.3532295
2013-07-18T14-24-15.305  -4.9044013,5.8252864,8.238269
2013-07-18T14-24-15.306  -5.325925,6.0935283,8.39155
2013-07-18T14-24-15.309  -5.6708074,6.3617706,8.161628
2013-07-18T14-24-15.323  -5.7857685,6.400091,8.314909
2013-07-18T14-24-15.325  -5.6708074,6.5533724,8.583151
2013-07-18T14-24-15.340  -5.479206,6.630013,8.42987
2013-07-18T14-24-15.341  -5.2492843,6.859935,8.583151
2013-07-18T14-24-15.358  -5.0960026,6.898255,8.736432
2013-07-18T14-24-15.359  -4.8660808,7.243138,8.544831
2013-07-18T14-24-15.375  -4.214636,7.358099,8.813073
2013-07-18T14-24-15.379  -3.754792,7.626341,8.813073
2013-07-18T14-24-15.401  -3.2566278,7.7029815,8.39155
2013-07-18T14-24-15.403  -2.911745,7.779622,8.659792
2013-07-18T14-24-15.404  -2.3752606,8.047864,8.966354
2013-07-18T14-24-15.406  -1.8004559,8.546028,9.042995
2013-07-18T14-24-15.424  -1.4938934,9.120833,9.234596
2013-07-18T14-24-15.426  -0.61252624,9.5423565,9.349558
2013-07-18T14-24-15.442  -0.1526825,9.389075,9.426198
2013-07-18T14-24-15.443  0.38380188,9.044192,9.464519
2013-07-18T14-24-15.458  0.26884094,8.507709,10.001003
2013-07-18T14-24-15.460  -0.03772156,8.316107,9.924362
2013-07-18T14-24-15.462  -0.65084654,8.009544,10.039323
2013-07-18T14-24-15.480  -0.9957294,7.779622,9.6178
2013-07-18T14-24-15.482  -1.3022919,7.9329033,9.464519
2013-07-18T14-24-15.494  -1.5705341,7.8179426,9.042995
2013-07-18T14-24-15.495  -1.5705341,7.5497003,8.621471
2013-07-18T14-24-15.509  -1.2639716,7.5497003,8.161628
2013-07-18T14-24-15.511  -1.2639716,7.281458,7.931706
2013-07-18T14-24-15.526  -0.8807684,7.013216,7.7784247
2013-07-18T14-24-15.527  -0.68916684,6.859935,7.548503
2013-07-18T14-24-15.548  -0.1910028,6.7066536,7.318581
2013-07-18T14-24-15.549  5.987549E-4,6.3617706,7.548503
2013-07-18T14-24-15.561  0.03891907,6.055208,7.6634636
2013-07-18T14-24-15.562  -0.34428406,5.940247,7.8550653
2013-07-18T14-24-15.578  -0.459245,5.8636065,7.7784247
2013-07-18T14-24-15.580  -0.65084654,5.8252864,7.6251435
2013-07-18T14-24-15.594  -0.8041278,5.557044,7.2419405
2013-07-18T14-24-15.596  -0.8424481,4.9055986,7.012018
