2013-07-18T14-19-48.736  1.5717316,14.217435,-7.626341
2013-07-18T14-19-48.740  1.1118878,3.9859114,0.1910028
2013-07-18T14-19-48.743  1.6866925,4.2541533,0.8041278
2013-07-18T14-19-48.746  1.8782941,4.790638,1.9537371
2013-07-18T14-19-48.760  2.3381379,4.9822392,2.9883857
2013-07-18T14-19-48.762  2.6830206,5.02056,3.7931123
2013-07-18T14-19-48.779  2.5680597,4.9055986,4.367917
2013-07-18T14-19-48.781  2.7596612,5.212161,5.8240886
2013-07-18T14-19-48.799  2.1848567,5.8252864,4.75112
2013-07-18T14-19-48.802  2.3381379,6.668333,7.3952217
2013-07-18T14-19-48.815  2.1848567,7.741302,8.42987
2013-07-18T14-19-48.818  1.993255,7.9329033,7.6634636
2013-07-18T14-19-48.832  2.60638,7.971224,10.307566
2013-07-18T14-19-48.834  2.60638,8.201145,9.464519
2013-07-18T14-19-48.848  3.0662239,8.316107,9.502839
2013-07-18T14-19-48.852  3.219505,8.354427,11.342214
2013-07-18T14-19-48.853  2.8363018,9.389075,11.457174
2013-07-18T14-19-48.869  2.7596612,10.423724,12.913346
2013-07-18T14-19-48.870  2.491419,11.381732,14.446159
2013-07-18T14-19-48.874  2.3381379,12.071497,14.331198
2013-07-18T14-19-48.882  2.3381379,12.761263,15.595768
2013-07-18T14-19-48.898  2.721341,13.412708,16.017292
2013-07-18T14-19-48.900  3.0279036,13.872552,15.940651
2013-07-18T14-19-48.917  3.449427,14.523997,17.243542
2013-07-18T14-19-48.919  3.83263,15.060482,17.588425
2013-07-18T14-19-48.935  4.292474,15.711926,18.20155
2013-07-18T14-19-48.936  4.215833,16.440012,19.044596
2013-07-18T14-19-48.951  3.83263,16.938177,18.967957
2013-07-18T14-19-48.952  3.449427,17.206419,19.159557
2013-07-18T14-19-48.967  3.334466,17.168098,19.236198
2013-07-18T14-19-48.968  3.1811848,17.053139,19.274519
2013-07-18T14-19-48.984  2.9512627,16.708256,19.4278
2013-07-18T14-19-48.985  2.989583,16.21009,19.389479
2013-07-18T14-19-49.002  2.5680597,15.980169,19.121237
2013-07-18T14-19-49.004  2.0315752,14.753919,18.852995
2013-07-18T14-19-49.020  1.2268487,14.179114,17.665066
2013-07-18T14-19-49.022  0.53708315,13.60431,16.477135
2013-07-18T14-19-49.023  -0.7274872,12.493021,15.71073
2013-07-18T14-19-49.038  -1.5705341,11.726614,14.446159
2013-07-18T14-19-49.039  -3.026706,10.806927,13.871354
2013-07-18T14-19-49.043  -3.9847138,10.155481,13.29655
2013-07-18T14-19-49.051  -5.2876043,9.504036,12.951667
2013-07-18T14-19-49.070  -6.1689715,8.852591,12.338542
2013-07-18T14-19-49.072  -6.820417,8.392747,11.418855
2013-07-18T14-19-49.087  -7.2802606,7.396419,10.614128
2013-07-18T14-19-49.089  -7.931706,6.7449737,9.847721
2013-07-18T14-19-49.105  -8.161628,6.170169,9.004675
2013-07-18T14-19-49.107  -8.46819,5.327122,8.3532295
2013-07-18T14-19-49.119  -8.199948,4.8672786,7.740104
2013-07-18T14-19-49.120  -8.39155,4.2541533,7.0503387
2013-07-18T14-19-49.133  -8.276588,3.9092705,6.3605733
2013-07-18T14-19-49.134  -8.123307,3.449427,6.0156903
2013-07-18T14-19-49.152  -8.46819,3.219505,5.747448
2013-07-18T14-19-49.153  -8.42987,2.874622,5.2876043
2013-07-18T14-19-49.156  -8.46819,2.60638,5.2109637
2013-07-18T14-19-49.168  -8.42987,2.491419,4.9044013
2013-07-18T14-19-49.172  -8.736432,2.2614973,4.4828777
2013-07-18T14-19-49.186  -8.314909,1.993255,4.0996747
2013-07-18T14-19-49.188  -7.816745,1.6483722,3.141667
2013-07-18T14-19-49.205  -7.4718623,1.7633331,2.1453388
2013-07-18T14-19-49.207  -7.0886593,1.6100519,1.3022919
2013-07-18T14-19-49.224  -6.1689715,1.495091,0.8807684
2013-07-18T14-19-49.225  -5.6708074,1.6866925,0.459245
2013-07-18T14-19-49.228  -5.019362,1.38013,0.11436218
2013-07-18T14-19-49.236  -4.4445577,1.4567707,-0.03891907
2013-07-18T14-19-49.254  -3.9847138,1.7250128,-0.11555969
2013-07-18T14-19-49.261  -3.6781511,1.6866925,-0.15388
2013-07-18T14-19-49.273  -3.2566278,1.9166144,-0.11555969
2013-07-18T14-19-49.279  -2.8734248,1.9166144,0.11436218
2013-07-18T14-19-49.291  -2.6435027,2.108216,-0.19220032
2013-07-18T14-19-49.293  -2.0686982,2.3764582,-0.11555969
2013-07-18T14-19-49.305  -1.9537371,2.3764582,-0.26884094
2013-07-18T14-19-49.306  -1.4555731,2.2998176,-0.30716124
2013-07-18T14-19-49.320  -1.1490107,2.491419,-0.42212218
2013-07-18T14-19-49.322  -0.9574091,2.6447003,-0.42212218
2013-07-18T14-19-49.324  -0.61252624,2.9129424,-0.42212218
2013-07-18T14-19-49.338  -0.22932312,3.0662239,-0.19220032
2013-07-18T14-19-49.340  0.15388,3.6410284,-0.23052064
2013-07-18T14-19-49.354  0.53708315,3.6793487,-0.03891907
2013-07-18T14-19-49.356  0.72868466,3.9859114,-0.34548157
2013-07-18T14-19-49.371  0.88196594,4.2541533,-0.30716124
2013-07-18T14-19-49.373  0.84364563,4.3691144,-0.53708315
2013-07-18T14-19-49.388  0.57540345,4.599036,-0.767005
2013-07-18T14-19-49.389  0.26884094,4.943919,-0.57540345
2013-07-18T14-19-49.407  -0.07604187,5.0972004,0.22932312
2013-07-18T14-19-49.409  5.987549E-4,5.403763,0.7274872
2013-07-18T14-19-49.423  0.07723938,5.8636065,1.3022919
2013-07-18T14-19-49.425  0.767005,6.055208,1.9537371
2013-07-18T14-19-49.439  1.38013,6.2084894,2.3752606
2013-07-18T14-19-49.440  1.9549347,6.170169,2.6051824
2013-07-18T14-19-49.456  2.4147785,6.32345,2.7584639
2013-07-18T14-19-49.457  2.6830206,6.0935283,2.681823
2013-07-18T14-19-49.473  2.5297394,6.7449737,2.4902215
2013-07-18T14-19-49.474  2.108216,7.013216,2.8734248
2013-07-18T14-19-49.478  1.9549347,7.779622,3.2566278
2013-07-18T14-19-49.490  1.7633331,8.201145,4.5211983
2013-07-18T14-19-49.493  1.7633331,8.431067,5.325925
2013-07-18T14-19-49.506  1.495091,8.77595,6.245612
2013-07-18T14-19-49.509  1.6483722,9.312435,6.590495
2013-07-18T14-19-49.525  1.9549347,9.504036,7.2419405
