2013-07-18T09-59-26.620  -3.9847138,-6.628815,0.57420594
2013-07-18T09-59-26.648  -0.26764342,-0.9957294,-5.9785676
2013-07-18T09-59-26.650  -0.4209247,-1.07237,-5.672005
2013-07-18T09-59-26.651  -0.22932312,-1.2256513,-5.672005
2013-07-18T09-59-26.653  -0.26764342,-0.9574091,-4.943919
2013-07-18T09-59-26.668  -0.53588563,-0.61252624,-5.557044
2013-07-18T09-59-26.669  -0.26764342,-0.65084654,-4.445755
2013-07-18T09-59-26.672  -0.26764342,-0.1526825,-4.1775126
2013-07-18T09-59-26.687  -0.53588563,-0.1526825,-5.3654423
2013-07-18T09-59-26.689  -0.34428406,0.07723938,-2.721341
2013-07-18T09-59-26.703  -0.4975653,0.49876282,-3.717669
2013-07-18T09-59-26.705  -0.459245,0.72868466,-3.1428645
2013-07-18T09-59-26.719  -0.03772156,0.65204406,-1.38013
2013-07-18T09-59-26.721  0.19220032,0.9969269,-2.223177
2013-07-18T09-59-26.736  0.53708315,1.1502081,-0.88196594
2013-07-18T09-59-26.737  0.53708315,1.495091,0.4209247
2013-07-18T09-59-26.755  0.53708315,1.7633331,0.03772156
2013-07-18T09-59-26.758  0.95860654,1.9166144,1.4172528
2013-07-18T09-59-26.771  0.65204406,1.993255,2.183659
2013-07-18T09-59-26.772  0.69036436,2.2998176,2.2219794
2013-07-18T09-59-26.785  0.11555969,2.6447003,3.6781511
2013-07-18T09-59-26.786  -0.459245,2.874622,4.023034
2013-07-18T09-59-26.805  -0.7658075,3.5643878,4.75112
2013-07-18T09-59-26.806  -1.187331,3.9475908,6.1689715
2013-07-18T09-59-26.822  -0.9190887,4.4840755,6.7437763
2013-07-18T09-59-26.825  -0.1910028,4.5223956,7.8550653
2013-07-18T09-59-26.827  -0.03772156,4.330794,9.119636
2013-07-18T09-59-26.844  0.53708315,5.02056,10.345885
2013-07-18T09-59-26.846  1.0352472,5.4420834,12.989987
2013-07-18T09-59-26.864  1.2268487,5.4420834,14.369518
2013-07-18T09-59-26.866  1.0735675,5.8252864,15.864011
2013-07-18T09-59-26.867  0.8053253,6.0168877,17.818346
2013-07-18T09-59-26.872  0.38380188,7.588021,19.274519
2013-07-18T09-59-26.891  -0.11436218,8.507709,19.581081
2013-07-18T09-59-26.893  0.03891907,9.120833,19.581081
2013-07-18T09-59-26.906  5.987549E-4,9.465716,19.581081
2013-07-18T09-59-26.908  -0.11436218,9.92556,19.581081
2013-07-18T09-59-26.930  -0.03772156,10.691966,19.581081
2013-07-18T09-59-26.931  0.42212218,11.343411,19.581081
2013-07-18T09-59-26.933  0.30716124,11.841576,19.581081
2013-07-18T09-59-26.937  0.72868466,12.148138,19.581081
2013-07-18T09-59-26.960  0.95860654,12.148138,19.581081
2013-07-18T09-59-26.961  1.4184504,12.1098175,19.581081
2013-07-18T09-59-26.974  1.38013,11.879895,19.581081
2013-07-18T09-59-26.975  1.7250128,11.381732,19.581081
2013-07-18T09-59-26.976  1.993255,10.883568,19.581081
2013-07-18T09-59-26.990  1.993255,10.193802,19.581081
2013-07-18T09-59-26.992  1.8399738,9.772279,19.581081
2013-07-18T09-59-27.005  1.6866925,9.389075,19.581081
2013-07-18T09-59-27.008  1.495091,8.622669,19.581081
2013-07-18T09-59-27.022  1.265169,7.971224,19.581081
2013-07-18T09-59-27.025  1.0735675,7.4347396,19.50444
2013-07-18T09-59-27.039  1.1885284,7.051536,18.546432
2013-07-18T09-59-27.040  1.0735675,6.5916924,17.1669
2013-07-18T09-59-27.063  0.9969269,6.0935283,16.400496
2013-07-18T09-59-27.064  0.84364563,5.672005,15.442487
2013-07-18T09-59-27.066  0.69036436,5.5953646,14.829362
2013-07-18T09-59-27.073  0.30716124,5.518724,14.062956
2013-07-18T09-59-27.094  0.19220032,5.518724,13.143269
2013-07-18T09-59-27.097  0.11555969,5.2888017,12.338542
2013-07-18T09-59-27.109  0.07723938,5.0972004,11.227253
2013-07-18T09-59-27.115  0.07723938,4.8672786,10.345885
2013-07-18T09-59-27.128  -0.03772156,5.02056,9.426198
2013-07-18T09-59-27.138  0.07723938,4.7523174,8.238269
2013-07-18T09-59-27.139  0.07723938,4.5223956,7.356901
2013-07-18T09-59-27.151  -0.1910028,4.330794,6.5521746
2013-07-18T09-59-27.153  -0.1526825,4.215833,5.7857685
2013-07-18T09-59-27.154  -0.459245,4.292474,5.2109637
2013-07-18T09-59-27.161  -0.4209247,4.1391926,4.981042
2013-07-18T09-59-27.175  -0.53588563,4.1391926,4.4828777
2013-07-18T09-59-27.177  -0.57420594,3.9092705,4.214636
2013-07-18T09-59-27.193  -0.53588563,3.7559893,3.7931123
2013-07-18T09-59-27.194  -0.1526825,3.4877472,3.3332684
2013-07-18T09-59-27.213  -0.1526825,3.334466,2.7584639
2013-07-18T09-59-27.217  -0.03772156,2.6830206,2.1070185
2013-07-18T09-59-27.230  0.03891907,2.5680597,1.5322137
2013-07-18T09-59-27.234  5.987549E-4,2.2614973,0.8807684
2013-07-18T09-59-27.246  -0.1526825,2.223177,0.1910028
2013-07-18T09-59-27.250  -0.4209247,2.108216,-0.07723938
2013-07-18T09-59-27.262  -0.8424481,1.8782941,-0.57540345
2013-07-18T09-59-27.263  -0.8807684,1.993255,-0.88196594
2013-07-18T09-59-27.278  -1.3022919,1.7633331,-1.4184504
2013-07-18T09-59-27.279  -1.5322137,1.5334113,-2.0315752
2013-07-18T09-59-27.282  -1.8770965,1.6100519,-2.491419
2013-07-18T09-59-27.296  -1.9920574,1.4184504,-3.0279036
2013-07-18T09-59-27.298  -2.4902215,1.7250128,-3.219505
2013-07-18T09-59-27.312  -2.6051824,1.8782941,-3.717669
2013-07-18T09-59-27.314  -2.6051824,2.0315752,-4.0242314
2013-07-18T09-59-27.329  -2.2602997,2.1848567,-3.9859114
2013-07-18T09-59-27.330  -2.3369403,1.8782941,-4.4840755
2013-07-18T09-59-27.346  -1.8004559,1.6866925,-4.292474
2013-07-18T09-59-27.347  -2.1070185,2.4530988,-4.1775126
2013-07-18T09-59-27.364  -1.6088544,2.4147785,-4.292474
2013-07-18T09-59-27.365  -1.8387762,1.993255,-3.8709502
2013-07-18T09-59-27.382  -2.2602997,1.9166144,-4.292474
2013-07-18T09-59-27.383  -2.1453388,2.1848567,-4.4840755
2013-07-18T09-59-27.398  -2.413581,2.223177,-4.330794
2013-07-18T09-59-27.399  -2.7584639,2.4530988,-4.1775126
2013-07-18T09-59-27.414  -2.9883857,2.5680597,-3.9859114
2013-07-18T09-59-27.416  -3.3715887,2.5680597,-3.9859114
2013-07-18T09-59-27.431  -3.6781511,2.60638,-3.5643878
2013-07-18T09-59-27.433  -3.9847138,3.0279036,-3.1428645
2013-07-18T09-59-27.435  -4.3295965,3.334466,-2.6830206
2013-07-18T09-59-27.449  -4.3295965,3.602708,-2.6447003
2013-07-18T09-59-27.451  -4.4828777,3.83263,-2.1465364
2013-07-18T09-59-27.464  -4.406237,3.9092705,-1.6483722
2013-07-18T09-59-27.467  -4.2912765,3.7943096,-1.1118878
2013-07-18T09-59-27.484  -4.061354,3.7943096,-0.767005
2013-07-18T09-59-27.487  -3.754792,4.0242314,-0.19220032
2013-07-18T09-59-27.500  -3.869753,4.1775126,0.30596375
2013-07-18T09-59-27.501  -3.7931123,4.5223956,0.8424481
2013-07-18T09-59-27.516  -3.869753,4.7523174,1.1490107
2013-07-18T09-59-27.517  -3.869753,5.327122,1.4938934
2013-07-18T09-59-27.537  -3.754792,4.943919,1.6088544
2013-07-18T09-59-27.539  -3.9463935,5.05888,1.9920574
2013-07-18T09-59-27.551  -3.869753,5.2888017,2.5285418
2013-07-18T09-59-27.553  -4.137995,5.327122,2.9500654
2013-07-18T09-59-27.568  -4.252956,5.2888017,3.754792
2013-07-18T09-59-27.571  -4.252956,5.2888017,3.7931123
2013-07-18T09-59-27.584  -4.2912765,5.212161,4.061354
2013-07-18T09-59-27.585  -4.5211983,5.2888017,4.3295965
2013-07-18T09-59-27.587  -4.5211983,5.518724,4.4828777
2013-07-18T09-59-27.602  -4.9427214,5.940247,4.8660808
2013-07-18T09-59-27.604  -4.9044013,6.400091,4.78944
2013-07-18T09-59-27.624  -4.7127995,6.5533724,4.9427214
2013-07-18T09-59-27.625  -4.9044013,6.8216143,4.981042
2013-07-18T09-59-27.639  -4.6744795,6.7449737,5.325925
2013-07-18T09-59-27.640  -4.367917,6.7066536,5.5558467
