2013-07-18T09-53-14.016  -7.816745,-11.572136,-8.392747
2013-07-18T09-53-14.034  -2.183659,-10.4991665,7.318581
2013-07-18T09-53-14.035  -2.183659,-10.920691,8.046667
2013-07-18T09-53-14.049  -2.1070185,-11.188932,8.889713
2013-07-18T09-53-14.051  -1.685495,-11.648776,8.3532295
2013-07-18T09-53-14.073  -1.685495,-12.03198,8.506511
2013-07-18T09-53-14.075  -1.7238153,-11.993659,7.931706
2013-07-18T09-53-14.076  -1.5322137,-11.418855,7.0886593
2013-07-18T09-53-14.095  -1.1490107,-11.227253,9.272917
2013-07-18T09-53-14.098  -1.4555731,-11.2655735,7.7784247
2013-07-18T09-53-14.100  -1.6471747,-11.150612,8.084988
2013-07-18T09-53-14.101  -1.7238153,-11.150612,10.1542845
2013-07-18T09-53-14.118  -1.7621356,-10.959011,8.506511
2013-07-18T09-53-14.119  -1.4555731,-10.690768,9.426198
2013-07-18T09-53-14.121  -1.685495,-10.384206,10.230925
2013-07-18T09-53-14.128  -1.8004559,-9.924362,9.081315
2013-07-18T09-53-14.148  -1.9537371,-9.349558,9.464519
2013-07-18T09-53-14.149  -1.8004559,-8.276588,8.238269
2013-07-18T09-53-14.165  -1.187331,-8.314909,6.3222528
2013-07-18T09-53-14.166  -0.7658075,-8.621471,6.3222528
2013-07-18T09-53-14.182  0.15388,-8.544831,5.862409
2013-07-18T09-53-14.183  0.84364563,-8.46819,5.747448
2013-07-18T09-53-14.202  1.4567707,-8.621471,6.3988934
2013-07-18T09-53-14.204  1.6100519,-8.276588,5.97737
2013-07-18T09-53-14.205  1.265169,-7.8550653,5.97737
2013-07-18T09-53-14.210  0.88196594,-7.2419405,6.092331
2013-07-18T09-53-14.218  0.72868466,-6.6671357,5.747448
2013-07-18T09-53-14.230  0.53708315,-6.475534,6.0540104
2013-07-18T09-53-14.236  0.767005,-6.1306515,5.862409
2013-07-18T09-53-14.251  0.9969269,-5.5558467,5.2876043
2013-07-18T09-53-14.253  0.95860654,-4.9044013,5.325925
2013-07-18T09-53-14.274  1.495091,-4.252956,4.8660808
2013-07-18T09-53-14.275  1.5717316,-3.869753,4.3295965
2013-07-18T09-53-14.277  1.8782941,-3.8314326,3.9847138
2013-07-18T09-53-14.281  1.9549347,-3.9080732,3.294948
2013-07-18T09-53-14.299  2.5297394,-3.9847138,3.1799872
2013-07-18T09-53-14.301  2.2614973,-3.754792,3.026706
2013-07-18T09-53-14.316  1.9166144,-3.3332684,2.7967842
2013-07-18T09-53-14.318  1.8016534,-2.7201433,3.141667
2013-07-18T09-53-14.333  1.495091,-2.29862,3.4865496
2013-07-18T09-53-14.334  1.4567707,-1.6471747,3.4482293
2013-07-18T09-53-14.348  1.38013,-1.3789325,2.9500654
2013-07-18T09-53-14.349  1.38013,-1.4938934,2.1453388
2013-07-18T09-53-14.365  1.3418097,-2.1070185,0.7658075
2013-07-18T09-53-14.366  1.9166144,-3.5631902,0.8041278
2013-07-18T09-53-14.369  2.6447003,-5.325925,2.1070185
2013-07-18T09-53-14.383  3.6410284,-7.318581,4.252956
2013-07-18T09-53-14.386  4.599036,-9.157956,6.0540104
2013-07-18T09-53-14.403  5.1355205,-10.307566,6.6671357
2013-07-18T09-53-14.404  4.9055986,-10.230925,5.8240886
2013-07-18T09-53-14.417  4.0242314,-11.035651,4.2912765
2013-07-18T09-53-14.419  3.717669,-12.14694,3.5631902
2013-07-18T09-53-14.434  4.5223956,-14.254558,4.4828777
2013-07-18T09-53-14.435  5.786966,-16.323854,6.245612
2013-07-18T09-53-14.456  7.396419,-18.04827,6.973698
2013-07-18T09-53-14.458  8.584349,-19.236198,6.3605733
2013-07-18T09-53-14.460  9.312435,-19.581081,5.479206
2013-07-18T09-53-14.466  8.929232,-19.581081,4.5595183
2013-07-18T09-53-14.487  7.8562627,-19.54276,4.137995
2013-07-18T09-53-14.488  6.476732,-19.351158,4.1763153
2013-07-18T09-53-14.505  5.4804034,-18.814674,4.214636
2013-07-18T09-53-14.507  4.943919,-18.929636,4.252956
2013-07-18T09-53-14.509  5.1355205,-19.46612,5.2492843
2013-07-18T09-53-14.524  5.518724,-19.581081,6.207292
2013-07-18T09-53-14.525  5.518724,-19.581081,7.816745
2013-07-18T09-53-14.531  4.330794,-19.581081,9.081315
2013-07-18T09-53-14.539  3.5643878,-19.389479,10.307566
2013-07-18T09-53-14.554  3.3727863,-17.856667,11.533815
2013-07-18T09-53-14.555  2.9512627,-16.208893,12.530144
2013-07-18T09-53-14.573  2.4530988,-14.714401,11.457174
2013-07-18T09-53-14.575  2.4147785,-12.875027,9.847721
2013-07-18T09-53-14.592  2.0315752,-10.88237,7.8550653
2013-07-18T09-53-14.593  2.0698957,-8.813073,4.78944
2013-07-18T09-53-14.595  1.6866925,-7.8550653,2.5285418
2013-07-18T09-53-14.602  1.993255,-7.2802606,2.911745
2013-07-18T09-53-14.619  2.5297394,-6.3605733,4.7127995
2013-07-18T09-53-14.620  2.3381379,-6.0540104,5.747448
2013-07-18T09-53-14.639  1.9549347,-4.214636,6.7437763
2013-07-18T09-53-14.640  1.3034893,-2.3752606,8.046667
2013-07-18T09-53-14.654  1.3418097,-1.3789325,8.889713
2013-07-18T09-53-14.655  1.495091,-1.07237,8.774753
2013-07-18T09-53-14.675  1.5717316,-0.8041278,7.816745
2013-07-18T09-53-14.677  2.1465364,-0.57420594,6.3605733
2013-07-18T09-53-14.678  2.0315752,-0.38260436,5.0960026
2013-07-18T09-53-14.689  2.223177,0.15388,3.9847138
2013-07-18T09-53-14.691  2.4530988,0.34548157,2.9883857
2013-07-18T09-53-14.704  2.8363018,0.92028624,2.566862
2013-07-18T09-53-14.707  2.5680597,0.9969269,2.5285418
2013-07-18T09-53-14.725  2.4530988,1.6100519,2.2602997
2013-07-18T09-53-14.727  2.6447003,2.2998176,2.3369403
2013-07-18T09-53-14.739  2.4530988,2.989583,2.413581
2013-07-18T09-53-14.740  1.993255,3.7559893,2.0303779
2013-07-18T09-53-14.755  1.5334113,4.292474,1.8770965
2013-07-18T09-53-14.757  1.38013,4.943919,2.1453388
2013-07-18T09-53-14.772  1.3034893,5.173841,2.3369403
2013-07-18T09-53-14.774  1.265169,5.4420834,2.413581
2013-07-18T09-53-14.789  1.5334113,5.173841,1.9920574
2013-07-18T09-53-14.791  2.223177,4.5223956,1.685495
2013-07-18T09-53-14.807  2.60638,4.062552,1.2256513
2013-07-18T09-53-14.809  2.8363018,3.0279036,0.9957294
2013-07-18T09-53-14.823  2.989583,2.9512627,1.187331
2013-07-18T09-53-14.824  2.9512627,2.2998176,1.1490107
2013-07-18T09-53-14.827  2.9129424,2.0698957,1.2639716
2013-07-18T09-53-14.841  2.7596612,1.8782941,1.4172528
2013-07-18T09-53-14.843  2.721341,1.993255,1.6088544
2013-07-18T09-53-14.857  2.6447003,2.3764582,1.6471747
2013-07-18T09-53-14.860  2.8363018,2.721341,1.8387762
2013-07-18T09-53-14.874  2.9129424,2.9129424,1.9537371
2013-07-18T09-53-14.876  2.874622,3.2578254,2.0686982
2013-07-18T09-53-14.890  3.1428645,3.6793487,1.9920574
2013-07-18T09-53-14.892  3.4877472,3.6793487,1.8770965
2013-07-18T09-53-14.908  3.8709502,3.5643878,1.1490107
2013-07-18T09-53-14.909  4.330794,3.1045442,0.8807684
2013-07-18T09-53-14.925  4.560716,2.721341,-5.987549E-4
2013-07-18T09-53-14.926  4.560716,2.1465364,-0.95860654
2013-07-18T09-53-14.942  4.943919,2.0698957,-1.5717316
2013-07-18T09-53-14.943  4.9055986,1.0352472,-1.4184504
2013-07-18T09-53-14.959  4.7523174,0.61372375,-1.2268487
2013-07-18T09-53-14.960  4.560716,0.72868466,-0.15388
2013-07-18T09-53-14.965  4.2541533,0.42212218,0.9957294
2013-07-18T09-53-14.976  4.1775126,0.19220032,1.9920574
2013-07-18T09-53-14.982  4.1775126,0.03891907,2.5285418
2013-07-18T09-53-14.994  4.100872,-0.4209247,2.566862
2013-07-18T09-53-14.996  3.9859114,-0.34428406,1.9537371
2013-07-18T09-53-15.010  3.6793487,-0.53588563,0.7658075
2013-07-18T09-53-15.012  3.2961457,-0.4975653,-0.57540345
2013-07-18T09-53-15.029  2.7596612,-0.61252624,-2.721341
2013-07-18T09-53-15.030  2.721341,-0.9190887,-4.2541533
2013-07-18T09-53-15.047  2.9129424,-2.9500654,-5.4804034
2013-07-18T09-53-15.057  3.5643878,-5.5558467,-5.6336846
2013-07-18T09-53-15.070  4.4074345,-8.046667,-4.4074345
2013-07-18T09-53-15.071  5.05888,-9.464519,-2.6447003
2013-07-18T09-53-15.073  5.9785676,-9.6178,0.11436218
2013-07-18T09-53-15.076  5.786966,-9.311237,1.7621356
2013-07-18T09-53-15.095  5.5953646,-9.081315,2.1453388
2013-07-18T09-53-15.096  4.790638,-8.276588,1.2256513
2013-07-18T09-53-15.114  3.6793487,-7.1269794,-0.65204406
2013-07-18T09-53-15.117  2.5297394,-5.6708074,-2.2998176
2013-07-18T09-53-15.131  1.3034893,-5.5558467,-2.5297394
2013-07-18T09-53-15.133  0.84364563,-7.6634636,-2.3381379
2013-07-18T09-53-15.135  1.6866925,-9.579479,-1.38013
2013-07-18T09-53-15.149  2.5297394,-12.300221,-1.265169
2013-07-18T09-53-15.151  3.449427,-13.718073,-1.0352472
2013-07-18T09-53-15.163  4.0242314,-13.679752,-0.11555969
2013-07-18T09-53-15.165  4.062552,-13.488152,0.9957294
2013-07-18T09-53-15.179  2.9512627,-13.449831,0.4975653
2013-07-18T09-53-15.181  1.6100519,-12.453503,-0.11555969
2013-07-18T09-53-15.197  0.57540345,-11.6104555,-0.69036436
2013-07-18T09-53-15.199  5.987549E-4,-10.805729,-1.5334113
2013-07-18T09-53-15.213  0.11555969,-11.572136,-2.3381379
2013-07-18T09-53-15.215  1.3418097,-14.177917,-2.4147785
2013-07-18T09-53-15.232  2.9129424,-16.477135,-2.0315752
2013-07-18T09-53-15.234  4.3691144,-18.891315,-1.6866925
2013-07-18T09-53-15.247  5.327122,-19.581081,-1.4184504
2013-07-18T09-53-15.249  6.2084894,-19.581081,-1.5334113
2013-07-18T09-53-15.267  6.5916924,-19.581081,-1.9166144
2013-07-18T09-53-15.269  5.901927,-19.581081,-2.8363018
2013-07-18T09-53-15.283  4.215833,-19.159557,-3.1045442
2013-07-18T09-53-15.285  2.3764582,-17.473463,-3.449427
2013-07-18T09-53-15.287  0.61372375,-15.940651,-3.4877472
2013-07-18T09-53-15.300  -0.30596375,-15.480807,-3.6410284
2013-07-18T09-53-15.302  -0.65084654,-15.82569,-3.6410284
2013-07-18T09-53-15.316  -0.22932312,-17.05194,-3.449427
2013-07-18T09-53-15.318  0.767005,-18.546432,-3.449427
2013-07-18T09-53-15.336  2.1848567,-19.54276,-3.0662239
2013-07-18T09-53-15.338  3.717669,-19.581081,-2.5297394
2013-07-18T09-53-15.350  4.8672786,-19.581081,-1.9549347
2013-07-18T09-53-15.352  5.672005,-19.581081,-1.0735675
2013-07-18T09-53-15.366  5.4804034,-19.581081,-1.1502081
2013-07-18T09-53-15.367  4.5223956,-19.581081,-1.5334113
2013-07-18T09-53-15.383  2.491419,-19.351158,-2.491419
2013-07-18T09-53-15.384  0.4604425,-16.592096,-3.2578254
2013-07-18T09-53-15.400  -0.53588563,-15.020964,-3.4111066
2013-07-18T09-53-15.401  -0.7658075,-13.37319,-3.1811848
2013-07-18T09-53-15.418  0.23052064,-12.645104,-2.5680597
2013-07-18T09-53-15.419  1.4184504,-14.024635,-2.3764582
2013-07-18T09-53-15.434  3.4111066,-15.6340885,-2.5680597
2013-07-18T09-53-15.435  6.131849,-17.090261,-1.3418097
2013-07-18T09-53-15.438  7.971224,-19.50444,-1.2268487
2013-07-18T09-53-15.454  7.971224,-19.581081,-2.0698957
2013-07-18T09-53-15.455  6.9365754,-19.581081,-2.6830206
2013-07-18T09-53-15.469  4.330794,-19.581081,-3.334466
2013-07-18T09-53-15.470  0.23052064,-19.121237,-3.8709502
2013-07-18T09-53-15.485  -3.4482293,-15.250886,-3.5643878
2013-07-18T09-53-15.487  -5.97737,-11.303893,-2.108216
2013-07-18T09-53-15.502  -7.701784,-8.314909,-1.8016534
2013-07-18T09-53-15.503  -8.276588,-4.7127995,-2.491419
2013-07-18T09-53-15.518  -7.701784,-2.2602997,-3.0279036
2013-07-18T09-53-15.520  -5.6708074,-1.5322137,-3.1428645
2013-07-18T09-53-15.537  -2.7201433,-3.2183075,-3.334466
2013-07-18T09-53-15.538  0.03891907,-5.517526,-3.1045442
2013-07-18T09-53-15.554  2.3381379,-7.1269794,-2.9129424
2013-07-18T09-53-15.555  3.6410284,-7.1653,-2.3381379
2013-07-18T09-53-15.569  3.3727863,-5.2492843,-1.6866925
2013-07-18T09-53-15.571  2.3381379,-2.8734248,-1.1502081
2013-07-18T09-53-15.588  0.9969269,-0.8041278,-0.84364563
2013-07-18T09-53-15.591  -0.1526825,1.38013,-0.88196594
2013-07-18T09-53-15.592  -1.3789325,3.602708,-0.49876282
2013-07-18T09-53-15.604  -1.6088544,5.672005,0.8041278
2013-07-18T09-53-15.607  -0.9190887,7.1281767,2.413581
2013-07-18T09-53-15.620  -0.03772156,7.243138,3.754792
2013-07-18T09-53-15.623  1.4567707,6.476732,4.4445577
2013-07-18T09-53-15.637  2.6830206,5.02056,4.5595183
2013-07-18T09-53-15.639  3.717669,3.449427,4.023034
2013-07-18T09-53-15.656  3.8709502,2.60638,2.8734248
2013-07-18T09-53-15.657  3.602708,2.7596612,1.7621356
2013-07-18T09-53-15.671  3.5260675,3.1428645,0.4975653
2013-07-18T09-53-15.673  3.7943096,3.7559893,0.38260436
2013-07-18T09-53-15.688  3.3727863,4.062552,0.4209247
2013-07-18T09-53-15.689  3.1811848,4.7523174,1.187331
2013-07-18T09-53-15.705  2.9129424,5.327122,1.9920574
2013-07-18T09-53-15.706  2.5680597,5.327122,3.0650263
2013-07-18T09-53-15.722  2.874622,4.943919,3.869753
2013-07-18T09-53-15.723  2.721341,3.8709502,4.214636
2013-07-18T09-53-15.738  3.1045442,2.4530988,4.061354
2013-07-18T09-53-15.740  3.602708,1.265169,3.754792
2013-07-18T09-53-15.745  4.215833,-0.22932312,3.026706
2013-07-18T09-53-15.757  4.445755,-1.3022919,2.1453388
2013-07-18T09-53-15.759  4.7139974,-1.9537371,1.7621356
2013-07-18T09-53-15.773  4.6373568,-2.681823,1.6471747
2013-07-18T09-53-15.775  4.4840755,-2.566862,1.7238153
2013-07-18T09-53-15.790  3.9475908,-1.8004559,1.9537371
2013-07-18T09-53-15.792  3.1045442,-1.3022919,1.7621356
2013-07-18T09-53-15.809  2.5680597,-1.5322137,2.0686982
2013-07-18T09-53-15.810  2.0315752,-3.3332684,3.026706
2013-07-18T09-53-15.826  2.2614973,-5.2492843,4.1763153
2013-07-18T09-53-15.827  2.7979815,-7.548503,4.5595183
2013-07-18T09-53-15.846  3.5643878,-8.813073,3.9847138
2013-07-18T09-53-15.848  4.6373568,-8.966354,3.141667
2013-07-18T09-53-15.860  5.403763,-8.199948,2.2219794
2013-07-18T09-53-15.861  5.2504816,-7.0503387,0.9190887
2013-07-18T09-53-15.878  3.9475908,-6.3222528,0.30596375
2013-07-18T09-53-15.880  1.993255,-7.740104,-0.03891907
2013-07-18T09-53-15.892  0.72868466,-10.269245,0.68916684
2013-07-18T09-53-15.894  0.53708315,-12.721745,1.7238153
2013-07-18T09-53-15.897  2.223177,-14.791042,3.0650263
2013-07-18T09-53-15.910  4.0242314,-15.6340885,3.026706
2013-07-18T09-53-15.912  5.4804034,-15.212565,2.2602997
2013-07-18T09-53-15.929  5.748646,-13.449831,1.9154168
2013-07-18T09-53-15.931  4.4074345,-11.993659,1.07237
2013-07-18T09-53-15.948  1.8782941,-10.997331,0.11436218
2013-07-18T09-53-15.950  -0.1910028,-11.6104555,-0.30716124
2013-07-18T09-53-15.962  -0.1910028,-13.871354,-0.03891907
2013-07-18T09-53-15.963  0.30716124,-16.707058,-0.23052064
2013-07-18T09-53-15.978  1.6866925,-19.197878,0.57420594
2013-07-18T09-53-15.979  3.7943096,-19.581081,1.187331
2013-07-18T09-53-15.995  5.2504816,-19.581081,1.0340496
2013-07-18T09-53-15.996  5.8636065,-19.581081,-0.19220032
2013-07-18T09-53-16.011  5.901927,-19.581081,-1.0352472
2013-07-18T09-53-16.012  4.9822392,-19.581081,-1.7250128
2013-07-18T09-53-16.028  3.6410284,-19.46612,-2.6447003
2013-07-18T09-53-16.029  2.1465364,-18.929636,-2.989583
2013-07-18T09-53-16.046  0.65204406,-18.929636,-2.9129424
2013-07-18T09-53-16.047  0.11555969,-18.738033,-1.9166144
2013-07-18T09-53-16.049  -0.22932312,-18.776354,-0.72868466
2013-07-18T09-53-16.063  -0.38260436,-19.46612,-0.03891907
2013-07-18T09-53-16.065  0.15388,-19.581081,1.4172528
2013-07-18T09-53-16.084  1.2268487,-19.581081,1.6471747
2013-07-18T09-53-16.086  1.993255,-19.581081,1.4938934
2013-07-18T09-53-16.089  2.4147785,-19.581081,1.2639716
2013-07-18T09-53-16.097  2.4530988,-19.50444,0.53588563
2013-07-18T09-53-16.112  2.5297394,-18.623074,0.1910028
2013-07-18T09-53-16.114  2.491419,-17.511784,-0.38380188
2013-07-18T09-53-16.133  1.993255,-16.438816,-0.767005
2013-07-18T09-53-16.137  2.1465364,-15.557448,-0.07723938
2013-07-18T09-53-16.154  2.9512627,-15.327526,1.1106904
2013-07-18T09-53-16.156  3.3727863,-15.480807,2.4902215
2013-07-18T09-53-16.157  4.330794,-16.477135,2.8734248
2013-07-18T09-53-16.161  4.828958,-16.592096,2.3752606
2013-07-18T09-53-16.186  4.943919,-16.515455,2.413581
2013-07-18T09-53-16.188  5.0972004,-16.745378,2.1453388
2013-07-18T09-53-16.205  4.560716,-16.170572,2.1453388
2013-07-18T09-53-16.207  3.5643878,-14.446159,1.6471747
2013-07-18T09-53-16.208  2.6447003,-12.568463,0.61252624
2013-07-18T09-53-16.210  1.6866925,-10.4991665,0.03772156
2013-07-18T09-53-16.218  0.38380188,-9.042995,0.38260436
2013-07-18T09-53-16.232  -0.4209247,-7.1269794,1.3406122
2013-07-18T09-53-16.234  -0.8807684,-5.325925,2.8351045
2013-07-18T09-53-16.250  -1.1106904,-4.2912765,3.4865496
2013-07-18T09-53-16.251  -0.8041278,-2.8734248,4.061354
2013-07-18T09-53-16.266  -0.30596375,-1.6471747,4.636159
2013-07-18T09-53-16.268  0.11555969,-1.2256513,5.747448
2013-07-18T09-53-16.285  0.4604425,-1.1490107,6.8970575
2013-07-18T09-53-16.287  0.92028624,-1.2639716,7.6634636
2013-07-18T09-53-16.303  1.3418097,-0.9190887,7.6251435
2013-07-18T09-53-16.304  1.5334113,-0.4975653,6.858737
2013-07-18T09-53-16.317  1.5334113,-0.07604187,5.325925
2013-07-18T09-53-16.318  1.9166144,0.57540345,3.52487
2013-07-18T09-53-16.332  2.108216,0.767005,2.2219794
2013-07-18T09-53-16.334  2.3381379,1.1118878,1.4555731
2013-07-18T09-53-16.349  2.6830206,1.6866925,1.3789325
2013-07-18T09-53-16.350  3.1428645,1.9549347,1.0340496
2013-07-18T09-53-16.355  2.8363018,1.7633331,0.8424481
2013-07-18T09-53-16.367  2.721341,2.1848567,0.9574091
2013-07-18T09-53-16.370  2.5297394,1.8016534,1.187331
2013-07-18T09-53-16.384  2.3381379,1.5334113,1.685495
2013-07-18T09-53-16.386  1.8782941,1.2268487,2.2602997
2013-07-18T09-53-16.401  1.9549347,0.69036436,2.3752606
2013-07-18T09-53-16.402  2.0698957,0.23052064,2.3369403
2013-07-18T09-53-16.416  2.3764582,-0.22932312,2.1453388
2013-07-18T09-53-16.418  2.3764582,-0.53588563,1.8770965
2013-07-18T09-53-16.434  2.874622,-0.8041278,1.2256513
2013-07-18T09-53-16.435  3.4877472,-1.1490107,0.03772156
2013-07-18T09-53-16.452  3.9092705,-1.7621356,-0.88196594
2013-07-18T09-53-16.453  4.3691144,-1.8387762,-1.6483722
2013-07-18T09-53-16.470  4.330794,-1.8004559,-2.60638
2013-07-18T09-53-16.472  4.100872,-1.8387762,-3.6793487
2013-07-18T09-53-16.488  3.6410284,-2.183659,-3.602708
2013-07-18T09-53-16.491  3.1045442,-3.2566278,-3.1811848
2013-07-18T09-53-16.507  2.6447003,-3.9847138,-2.2998176
2013-07-18T09-53-16.509  2.6830206,-4.4828777,-1.7633331
2013-07-18T09-53-16.510  3.7943096,-5.364245,-1.3418097
2013-07-18T09-53-16.526  4.5223956,-6.207292,-1.4567707
2013-07-18T09-53-16.527  5.1355205,-6.820417,-1.6866925
2013-07-18T09-53-16.543  5.940247,-6.973698,-1.6866925
2013-07-18T09-53-16.544  6.170169,-6.6671357,-1.1885284
2013-07-18T09-53-16.559  6.28513,-6.207292,-0.69036436
2013-07-18T09-53-16.560  5.212161,-5.364245,-0.53708315
2013-07-18T09-53-16.575  3.9475908,-5.709128,-0.65204406
2013-07-18T09-53-16.577  2.989583,-8.851394,-0.34548157
2013-07-18T09-53-16.590  3.449427,-10.805729,0.57420594
2013-07-18T09-53-16.594  5.02056,-11.878698,0.4209247
2013-07-18T09-53-16.611  6.438411,-12.453503,-0.07723938
2013-07-18T09-53-16.613  7.013216,-12.376863,-0.38380188
2013-07-18T09-53-16.618  6.783294,-11.457174,-0.65204406
2013-07-18T09-53-16.620  5.7103252,-10.537487,-1.3034893
2013-07-18T09-53-16.639  4.445755,-9.502839,-2.0315752
2013-07-18T09-53-16.641  3.6410284,-8.813073,-1.6866925
2013-07-18T09-53-16.657  2.7596612,-8.506511,-1.5334113
2013-07-18T09-53-16.660  2.491419,-8.544831,-1.993255
2013-07-18T09-53-16.662  2.6447003,-10.039323,-1.8782941
2013-07-18T09-53-16.678  3.6410284,-12.376863,-2.108216
2013-07-18T09-53-16.679  4.7523174,-14.369518,-2.5297394
2013-07-18T09-53-16.683  6.131849,-17.05194,-3.0662239
2013-07-18T09-53-16.691  7.166497,-18.546432,-3.2578254
2013-07-18T09-53-16.706  7.894583,-19.274519,-3.334466
2013-07-18T09-53-16.708  8.0861845,-19.121237,-3.334466
2013-07-18T09-53-16.728  8.124505,-18.891315,-3.717669
2013-07-18T09-53-16.730  7.281458,-18.20155,-4.292474
2013-07-18T09-53-16.751  5.8252864,-17.090261,-3.9092705
2013-07-18T09-53-16.752  4.675677,-16.170572,-2.7979815
2013-07-18T09-53-16.754  3.6410284,-15.71073,-1.6100519
2013-07-18T09-53-16.756  3.1045442,-16.668737,-0.767005
2013-07-18T09-53-16.776  3.6410284,-18.163229,0.07604187
2013-07-18T09-53-16.778  4.8672786,-19.274519,1.4938934
2013-07-18T09-53-16.793  5.4804034,-19.581081,2.2602997
2013-07-18T09-53-16.795  6.2468095,-19.581081,2.3752606
2013-07-18T09-53-16.809  6.438411,-19.581081,1.9537371
2013-07-18T09-53-16.811  5.6336846,-18.776354,1.1106904
2013-07-18T09-53-16.813  4.2541533,-16.898659,0.1910028
2013-07-18T09-53-16.826  2.6830206,-14.407839,-0.15388
2013-07-18T09-53-16.828  1.9166144,-12.951667,-0.49876282
2013-07-18T09-53-16.843  1.7633331,-12.14694,-1.0352472
2013-07-18T09-53-16.845  1.5334113,-11.878698,-1.265169
2013-07-18T09-53-16.860  2.0315752,-11.802057,-0.72868466
2013-07-18T09-53-16.861  2.6830206,-11.763737,0.61252624
2013-07-18T09-53-16.879  3.602708,-12.606784,1.6088544
2013-07-18T09-53-16.880  5.2888017,-13.258229,2.29862
2013-07-18T09-53-16.892  6.2084894,-13.641433,2.6435027
2013-07-18T09-53-16.893  6.515052,-13.871354,2.7201433
2013-07-18T09-53-16.912  6.131849,-13.756393,1.7238153
2013-07-18T09-53-16.915  5.518724,-12.338542,1.07237
2013-07-18T09-53-16.927  5.02056,-11.073972,0.7658075
2013-07-18T09-53-16.928  3.9092705,-9.387877,0.11436218
2013-07-18T09-53-16.943  3.1811848,-7.3952217,-0.34548157
2013-07-18T09-53-16.944  2.0698957,-5.2492843,-0.34548157
2013-07-18T09-53-16.961  1.4567707,-3.2183075,-0.03891907
2013-07-18T09-53-16.962  0.72868466,-1.9920574,0.8807684
2013-07-18T09-53-16.965  0.15388,-0.9190887,1.6471747
2013-07-18T09-53-16.980  0.42212218,0.07723938,2.7201433
2013-07-18T09-53-16.982  1.38013,0.4604425,3.52487
2013-07-18T09-53-16.996  3.0279036,-0.1526825,4.4445577
2013-07-18T09-53-16.998  3.9859114,-1.3022919,5.2492843
2013-07-18T09-53-17.013  4.9055986,-1.9537371,5.364245
2013-07-18T09-53-17.014  5.2888017,-1.9154168,5.0576825
2013-07-18T09-53-17.030  5.1355205,-1.6088544,4.5595183
2013-07-18T09-53-17.032  4.828958,-1.1106904,3.7931123
2013-07-18T09-53-17.048  4.9822392,-0.459245,2.8734248
2013-07-18T09-53-17.049  4.560716,0.11555969,2.4519012
2013-07-18T09-53-17.061  4.7139974,0.61372375,2.1070185
2013-07-18T09-53-17.063  5.02056,0.767005,2.3369403
2013-07-18T09-53-17.078  5.2888017,0.61372375,2.5285418
2013-07-18T09-53-17.079  5.4804034,0.69036436,3.1799872
2013-07-18T09-53-17.096  5.2504816,0.38380188,4.252956
2013-07-18T09-53-17.097  5.05888,0.26884094,4.636159
2013-07-18T09-53-17.112  4.7523174,0.30716124,4.1763153
2013-07-18T09-53-17.113  4.9055986,-0.30596375,3.869753
2013-07-18T09-53-17.118  5.0972004,-0.8041278,3.6781511
2013-07-18T09-53-17.130  5.748646,-1.8387762,2.6051824
2013-07-18T09-53-17.132  6.515052,-2.8351045,1.9920574
2013-07-18T09-53-17.147  6.7449737,-3.1799872,1.187331
2013-07-18T09-53-17.149  6.7449737,-3.294948,0.8424481
2013-07-18T09-53-17.166  6.32345,-3.1033466,0.9957294
2013-07-18T09-53-17.168  5.557044,-2.413581,1.4938934
2013-07-18T09-53-17.184  4.828958,-1.7238153,2.1070185
2013-07-18T09-53-17.186  4.330794,-0.9190887,2.4519012
2013-07-18T09-53-17.198  3.9092705,-0.11436218,1.9537371
2013-07-18T09-53-17.199  3.8709502,0.34548157,0.22932312
2013-07-18T09-53-17.216  3.9092705,0.26884094,-2.223177
2013-07-18T09-53-17.219  3.9475908,-0.1526825,-3.7943096
2013-07-18T09-53-17.233  4.330794,-1.6471747,-3.9859114
2013-07-18T09-53-17.235  3.9475908,-3.4482293,-2.989583
2013-07-18T09-53-17.250  3.83263,-4.9427214,-1.4184504
2013-07-18T09-53-17.252  4.4074345,-5.747448,0.30596375
2013-07-18T09-53-17.267  5.1355205,-6.207292,1.4938934
2013-07-18T09-53-17.270  5.901927,-6.3988934,1.685495
2013-07-18T09-53-17.271  6.5533724,-6.0156903,1.1106904
2013-07-18T09-53-17.285  6.2468095,-5.9390497,0.38260436
2013-07-18T09-53-17.287  5.3654423,-5.97737,-0.38380188
2013-07-18T09-53-17.302  4.292474,-5.479206,-0.95860654
2013-07-18T09-53-17.304  2.7979815,-5.0960026,-1.1885284
2013-07-18T09-53-17.318  1.9549347,-5.4025655,-0.38380188
2013-07-18T09-53-17.320  1.495091,-6.5521746,0.57420594
2013-07-18T09-53-17.333  1.8782941,-8.621471,0.8424481
2013-07-18T09-53-17.335  3.5260675,-10.767409,0.9574091
2013-07-18T09-53-17.350  6.2468095,-13.449831,1.4172528
2013-07-18T09-53-17.351  8.392747,-15.71073,0.7658075
2013-07-18T09-53-17.371  10.385404,-17.090261,-0.34548157
2013-07-18T09-53-17.373  11.688294,-17.626745,-0.23052064
2013-07-18T09-53-17.390  11.879895,-18.43147,-0.11555969
2013-07-18T09-53-17.391  11.994857,-18.852995,-0.34548157
2013-07-18T09-53-17.407  12.301419,-19.006277,-1.1118878
2013-07-18T09-53-17.408  12.033176,-18.623074,-1.8016534
2013-07-18T09-53-17.412  11.803255,-18.546432,-2.0315752
2013-07-18T09-53-17.414  10.9985285,-17.818346,-1.4567707
2013-07-18T09-53-17.422  9.810598,-17.12858,-0.23052064
2013-07-18T09-53-17.443  8.507709,-16.898659,0.61252624
2013-07-18T09-53-17.445  7.3197784,-17.1669,1.7238153
2013-07-18T09-53-17.447  6.898255,-16.707058,2.681823
2013-07-18T09-53-17.454  6.7449737,-16.592096,3.3715887
2013-07-18T09-53-17.468  6.5533724,-16.438816,3.6781511
2013-07-18T09-53-17.470  6.9748955,-16.707058,3.5631902
2013-07-18T09-53-17.485  6.9748955,-17.1669,3.52487
2013-07-18T09-53-17.486  6.859935,-16.898659,3.1799872
2013-07-18T09-53-17.502  5.7103252,-15.480807,2.4519012
2013-07-18T09-53-17.504  3.8709502,-12.760065,2.0686982
2013-07-18T09-53-17.521  2.2998176,-10.077643,1.8770965
2013-07-18T09-53-17.522  1.6483722,-7.740104,1.187331
2013-07-18T09-53-17.536  0.92028624,-5.7857685,0.1526825
2013-07-18T09-53-17.537  0.88196594,-4.7127995,-0.30716124
2013-07-18T09-53-17.553  1.5334113,-4.137995,-0.4604425
2013-07-18T09-53-17.554  1.8399738,-3.6015105,-0.07723938
2013-07-18T09-53-17.559  2.1465364,-2.9500654,0.03772156
2013-07-18T09-53-17.571  1.9166144,-2.413581,0.22932312
2013-07-18T09-53-17.575  2.1848567,-1.5705341,0.9190887
2013-07-18T09-53-17.589  1.993255,-1.07237,1.3022919
2013-07-18T09-53-17.591  1.6100519,-0.1910028,1.9920574
2013-07-18T09-53-17.604  1.8399738,0.57540345,2.6435027
2013-07-18T09-53-17.606  1.8399738,1.3418097,3.026706
2013-07-18T09-53-17.620  1.6483722,2.1465364,3.4482293
2013-07-18T09-53-17.622  1.38013,3.1428645,3.6398308
2013-07-18T09-53-17.637  1.4567707,4.0242314,3.869753
2013-07-18T09-53-17.639  1.6483722,4.675677,4.137995
2013-07-18T09-53-17.655  2.108216,5.1355205,3.9463935
2013-07-18T09-53-17.656  2.7596612,5.05888,3.5631902
2013-07-18T09-53-17.672  2.8363018,4.675677,3.7164717
2013-07-18T09-53-17.673  2.989583,4.1775126,3.3332684
2013-07-18T09-53-17.690  3.2961457,3.7943096,3.0650263
2013-07-18T09-53-17.692  3.2961457,3.2961457,2.681823
2013-07-18T09-53-17.706  3.5260675,2.874622,2.8351045
2013-07-18T09-53-17.707  3.449427,2.491419,2.7967842
2013-07-18T09-53-17.722  3.334466,1.7250128,3.141667
2013-07-18T09-53-17.724  3.0662239,1.8399738,3.141667
2013-07-18T09-53-17.727  2.9512627,1.5334113,3.1033466
2013-07-18T09-53-17.740  3.2578254,0.95860654,2.566862
2013-07-18T09-53-17.743  3.5643878,0.07723938,1.5705341
2013-07-18T09-53-17.757  3.9859114,-0.8807684,0.8041278
2013-07-18T09-53-17.759  4.215833,-1.4172528,0.8807684
2013-07-18T09-53-17.775  4.5223956,-1.9537371,1.1106904
2013-07-18T09-53-17.777  4.7139974,-2.6435027,1.5705341
2013-07-18T09-53-17.790  4.3691144,-2.8734248,2.0303779
2013-07-18T09-53-17.792  4.2541533,-3.6781511,2.413581
2013-07-18T09-53-17.807  3.9475908,-4.137995,2.3752606
2013-07-18T09-53-17.809  3.8709502,-4.8277607,2.7584639
2013-07-18T09-53-17.826  4.1775126,-5.709128,2.1453388
2013-07-18T09-53-17.827  4.215833,-6.092331,1.3406122
2013-07-18T09-53-17.842  4.3691144,-6.2839327,-0.15388
2013-07-18T09-53-17.844  4.4840755,-6.6671357,-0.95860654
2013-07-18T09-53-17.859  4.4840755,-6.820417,-1.265169
2013-07-18T09-53-17.860  4.790638,-7.2419405,-1.38013
2013-07-18T09-53-17.875  4.7139974,-8.46819,-0.42212218
2013-07-18T09-53-17.877  4.9055986,-10.422526,1.0340496
2013-07-18T09-53-17.881  5.4804034,-11.917019,2.6051824
2013-07-18T09-53-17.893  6.5533724,-13.526471,3.3715887
2013-07-18T09-53-17.895  7.166497,-13.679752,3.141667
2013-07-18T09-53-17.909  7.3197784,-13.0666275,2.2602997
2013-07-18T09-53-17.912  6.5916924,-12.185261,1.9537371
2013-07-18T09-53-17.928  5.0972004,-11.495495,1.6471747
2013-07-18T09-53-17.929  3.1045442,-11.418855,1.07237
2013-07-18T09-53-17.944  2.2614973,-11.917019,1.1490107
2013-07-18T09-53-17.945  1.9166144,-12.530144,1.2256513
2013-07-18T09-53-17.960  1.9166144,-12.376863,1.3022919
2013-07-18T09-53-17.962  2.3764582,-12.568463,1.5705341
2013-07-18T09-53-17.977  2.7596612,-13.679752,2.0303779
2013-07-18T09-53-17.978  3.219505,-14.752722,2.3752606
2013-07-18T09-53-17.994  3.2578254,-15.020964,2.3369403
2013-07-18T09-53-17.996  3.1045442,-15.097605,2.3369403
2013-07-18T09-53-18.013  2.7596612,-15.289206,2.3369403
2013-07-18T09-53-18.014  2.7979815,-15.78737,2.413581
2013-07-18T09-53-18.030  2.721341,-15.404167,1.9920574
2013-07-18T09-53-18.033  1.8399738,-14.676081,2.2219794
2013-07-18T09-53-18.034  1.5334113,-13.718073,2.0686982
2013-07-18T09-53-18.046  0.88196594,-13.143269,2.2219794
2013-07-18T09-53-18.048  0.42212218,-12.338542,2.2602997
2013-07-18T09-53-18.062  -0.03772156,-11.648776,2.0686982
2013-07-18T09-53-18.064  5.987549E-4,-11.457174,1.7238153
2013-07-18T09-53-18.078  -0.1910028,-11.840378,1.1490107
2013-07-18T09-53-18.080  0.23052064,-13.028308,0.61252624
2013-07-18T09-53-18.097  0.95860654,-13.8330345,0.7274872
2013-07-18T09-53-18.099  1.9166144,-15.135924,0.34428406
2013-07-18T09-53-18.114  2.2998176,-15.71073,-5.987549E-4
2013-07-18T09-53-18.116  2.6447003,-16.323854,-0.19220032
2013-07-18T09-53-18.130  2.874622,-16.477135,-0.03891907
2013-07-18T09-53-18.131  2.874622,-15.902331,0.03772156
2013-07-18T09-53-18.148  2.491419,-14.906003,-5.987549E-4
2013-07-18T09-53-18.149  1.7633331,-13.909675,-0.26884094
2013-07-18T09-53-18.165  1.38013,-12.989987,-0.61372375
2013-07-18T09-53-18.167  0.8053253,-11.878698,-0.57540345
2013-07-18T09-53-18.180  0.38380188,-10.690768,-0.61372375
2013-07-18T09-53-18.182  -0.03772156,-10.537487,-0.84364563
2013-07-18T09-53-18.185  -0.1526825,-10.690768,-1.3418097
2013-07-18T09-53-18.200  0.11555969,-11.533815,-2.3764582
2013-07-18T09-53-18.204  1.4567707,-12.989987,-2.4147785
2013-07-18T09-53-18.224  3.449427,-15.480807,-2.3381379
2013-07-18T09-53-18.225  5.672005,-18.43147,-3.1045442
2013-07-18T09-53-18.226  6.7066536,-19.581081,-3.449427
2013-07-18T09-53-18.233  7.51138,-19.581081,-3.1045442
2013-07-18T09-53-18.249  8.162826,-19.581081,-3.2578254
2013-07-18T09-53-18.250  7.7029815,-19.581081,-3.602708
2013-07-18T09-53-18.269  6.438411,-19.581081,-2.9512627
2013-07-18T09-53-18.271  4.9822392,-19.581081,-2.3764582
2013-07-18T09-53-18.284  3.9475908,-19.581081,-2.874622
2013-07-18T09-53-18.285  3.7943096,-19.581081,-2.989583
2013-07-18T09-53-18.300  3.449427,-19.581081,-2.0315752
2013-07-18T09-53-18.301  -0.9190887,-19.581081,-2.3764582
2013-07-18T09-53-18.316  -5.862409,-19.581081,-1.8782941
2013-07-18T09-53-18.317  -9.73276,-19.581081,-2.491419
2013-07-18T09-53-18.321  -13.603112,-19.581081,-4.5223956
2013-07-18T09-53-18.335  -16.400496,-19.581081,-6.9748955
2013-07-18T09-53-18.338  -18.20155,-18.967957,-9.92556
2013-07-18T09-53-18.356  -19.389479,-15.250886,-10.462044
2013-07-18T09-53-18.357  -19.581081,-9.771081,-6.400091
2013-07-18T09-53-18.372  -18.929636,-3.2183075,-0.95860654
2013-07-18T09-53-18.373  -16.247213,3.7559893,2.8351045
2013-07-18T09-53-18.385  -13.679752,9.350755,4.2912765
2013-07-18T09-53-18.386  -10.614128,14.600637,6.207292
2013-07-18T09-53-18.405  -6.9353776,17.704582,8.46819
2013-07-18T09-53-18.407  -4.78944,19.543959,11.533815
2013-07-18T09-53-18.423  -3.1799872,19.543959,13.181589
2013-07-18T09-53-18.425  -1.9154168,19.428997,11.993659
2013-07-18T09-53-18.444  -1.5322137,16.05681,9.886042
2013-07-18T09-53-18.445  -0.8807684,11.764935,7.433542
2013-07-18T09-53-18.462  -0.1910028,8.699309,5.2492843
2013-07-18T09-53-18.463  0.92028624,5.9785676,2.681823
2013-07-18T09-53-18.476  2.6447003,3.2578254,1.6088544
2013-07-18T09-53-18.477  3.83263,1.2268487,1.685495
2013-07-18T09-53-18.489  4.3691144,0.61372375,2.413581
2013-07-18T09-53-18.491  5.940247,1.3418097,3.409909
2013-07-18T09-53-18.492  6.5916924,1.8399738,4.5211983
2013-07-18T09-53-18.509  6.32345,3.219505,4.6744795
2013-07-18T09-53-18.510  5.4804034,3.9475908,5.019362
2013-07-18T09-53-18.522  3.83263,5.3654423,4.8660808
2013-07-18T09-53-18.523  2.1848567,6.5916924,4.6744795
2013-07-18T09-53-18.536  1.2268487,7.5497003,4.78944
2013-07-18T09-53-18.538  0.72868466,8.047864,4.6744795
2013-07-18T09-53-18.554  1.1885284,8.239466,4.597839
2013-07-18T09-53-18.556  1.8016534,7.7029815,4.367917
2013-07-18T09-53-18.571  2.4530988,7.588021,4.137995
2013-07-18T09-53-18.573  2.8363018,7.166497,4.061354
2013-07-18T09-53-18.588  3.0279036,6.515052,3.869753
2013-07-18T09-53-18.589  3.334466,6.0168877,4.0996747
2013-07-18T09-53-18.605  3.5260675,5.4804034,4.367917
2013-07-18T09-53-18.606  3.5643878,5.1355205,4.214636
2013-07-18T09-53-18.622  3.6793487,5.2888017,4.0996747
2013-07-18T09-53-18.623  3.6410284,5.557044,4.0996747
2013-07-18T09-53-18.627  3.9092705,5.4420834,3.7164717
2013-07-18T09-53-18.639  4.0242314,5.6336846,3.294948
2013-07-18T09-53-18.642  4.330794,5.5953646,2.9500654
2013-07-18T09-53-18.655  4.062552,5.748646,2.4519012
2013-07-18T09-53-18.658  4.1775126,5.8252864,2.3752606
2013-07-18T09-53-18.673  4.215833,6.170169,2.2602997
2013-07-18T09-53-18.674  3.9092705,6.3617706,2.7201433
2013-07-18T09-53-18.690  3.6793487,6.438411,3.1799872
2013-07-18T09-53-18.691  3.9092705,6.783294,4.061354
2013-07-18T09-53-18.708  3.8709502,6.783294,4.5595183
2013-07-18T09-53-18.710  3.6793487,6.28513,5.325925
