2013-07-18T09-51-51.657  -2.566862,-10.422526,-6.5533724
2013-07-18T09-51-51.661  4.943919,-1.9537371,4.5211983
2013-07-18T09-51-51.663  5.05888,-2.4519012,3.9847138
2013-07-18T09-51-51.676  5.2888017,-3.1033466,3.754792
2013-07-18T09-51-51.679  5.518724,-3.4865496,3.6398308
2013-07-18T09-51-51.694  5.518724,-3.6781511,3.6015105
2013-07-18T09-51-51.696  5.786966,-3.754792,2.4902215
2013-07-18T09-51-51.712  6.2468095,-4.023034,3.1033466
2013-07-18T09-51-51.714  6.5916924,-4.597839,1.1490107
2013-07-18T09-51-51.728  6.476732,-5.517526,0.1526825
2013-07-18T09-51-51.729  6.476732,-6.3605733,3.3332684
2013-07-18T09-51-51.745  5.9785676,-6.207292,2.7584639
2013-07-18T09-51-51.747  5.901927,-5.747448,3.294948
2013-07-18T09-51-51.763  6.055208,-4.981042,3.6398308
2013-07-18T09-51-51.766  5.7103252,-4.636159,1.1106904
2013-07-18T09-51-51.781  5.8636065,-4.5595183,1.5705341
2013-07-18T09-51-51.784  5.7103252,-6.1689715,2.5285418
2013-07-18T09-51-51.795  5.518724,-8.199948,3.9080732
2013-07-18T09-51-51.797  6.32345,-10.039323,6.5521746
2013-07-18T09-51-51.799  7.4347396,-10.614128,5.9390497
2013-07-18T09-51-51.811  8.201145,-10.690768,4.597839
2013-07-18T09-51-51.815  8.73763,-10.614128,4.6744795
2013-07-18T09-51-51.828  8.469388,-10.269245,4.3295965
2013-07-18T09-51-51.831  8.392747,-10.422526,4.636159
2013-07-18T09-51-51.844  8.277786,-10.039323,5.134323
2013-07-18T09-51-51.847  8.277786,-10.001003,4.6744795
2013-07-18T09-51-51.862  8.507709,-10.269245,5.325925
2013-07-18T09-51-51.864  8.929232,-11.840378,6.590495
2013-07-18T09-51-51.883  9.312435,-12.913346,7.4718623
2013-07-18T09-51-51.885  9.92556,-14.369518,8.659792
2013-07-18T09-51-51.900  10.117161,-15.480807,9.234596
2013-07-18T09-51-51.902  10.691966,-16.208893,9.426198
2013-07-18T09-51-51.919  10.6536455,-16.170572,10.077643
2013-07-18T09-51-51.921  10.232122,-15.940651,10.4991665
2013-07-18T09-51-51.922  9.465716,-15.289206,11.2655735
2013-07-18T09-51-51.927  8.546028,-14.101276,12.376863
2013-07-18T09-51-51.949  6.859935,-12.683425,12.683425
2013-07-18T09-51-51.952  5.748646,-10.537487,13.33487
2013-07-18T09-51-51.954  4.9055986,-8.199948,13.641433
2013-07-18T09-51-51.973  4.3691144,-6.858737,13.0666275
2013-07-18T09-51-51.976  4.100872,-5.4408855,12.721745
2013-07-18T09-51-51.978  4.330794,-4.406237,12.10862
2013-07-18T09-51-51.984  4.445755,-3.4482293,11.150612
2013-07-18T09-51-52.004  4.8672786,-2.6435027,10.115964
2013-07-18T09-51-52.006  5.327122,-2.0303779,8.621471
2013-07-18T09-51-52.008  5.5953646,-1.4172528,7.6251435
2013-07-18T09-51-52.016  5.6336846,-1.0340496,7.356901
2013-07-18T09-51-52.033  5.173841,-0.26764342,6.6671357
2013-07-18T09-51-52.035  4.4074345,0.84364563,6.0540104
2013-07-18T09-51-52.050  3.6793487,2.0698957,5.479206
2013-07-18T09-51-52.052  3.0279036,3.334466,4.7127995
2013-07-18T09-51-52.066  2.6447003,4.4840755,4.2912765
2013-07-18T09-51-52.068  2.6447003,5.4420834,3.9463935
2013-07-18T09-51-52.083  2.5297394,5.901927,3.6015105
2013-07-18T09-51-52.084  2.5680597,5.9785676,3.9463935
2013-07-18T09-51-52.099  2.491419,5.901927,4.023034
2013-07-18T09-51-52.101  2.4530988,5.8636065,4.0996747
2013-07-18T09-51-52.104  2.4147785,5.403763,4.137995
2013-07-18T09-51-52.117  2.989583,4.330794,3.9080732
2013-07-18T09-51-52.120  3.1811848,3.6410284,3.1033466
2013-07-18T09-51-52.133  3.334466,2.6830206,2.2602997
2013-07-18T09-51-52.136  3.2961457,2.0315752,1.07237
2013-07-18T09-51-52.150  3.0662239,1.7633331,0.459245
2013-07-18T09-51-52.152  3.2961457,1.9166144,-0.15388
2013-07-18T09-51-52.167  3.1428645,1.9549347,-1.1885284
2013-07-18T09-51-52.169  2.9512627,1.9166144,-1.6483722
2013-07-18T09-51-52.184  2.9512627,1.7633331,-1.2268487
2013-07-18T09-51-52.185  2.874622,1.6866925,-1.0352472
2013-07-18T09-51-52.201  2.60638,1.8782941,-0.49876282
2013-07-18T09-51-52.203  2.3764582,1.7250128,-0.34548157
2013-07-18T09-51-52.221  2.108216,1.6483722,-0.61372375
2013-07-18T09-51-52.222  1.9549347,1.38013,-0.767005
2013-07-18T09-51-52.236  2.108216,1.265169,-1.0352472
2013-07-18T09-51-52.237  1.9549347,0.69036436,-1.4567707
2013-07-18T09-51-52.253  2.1848567,0.61372375,-1.9166144
2013-07-18T09-51-52.254  1.993255,0.4604425,-2.491419
2013-07-18T09-51-52.261  2.4147785,0.30716124,-3.1045442
2013-07-18T09-51-52.284  2.721341,0.34548157,-3.4877472
2013-07-18T09-51-52.285  2.9512627,5.987549E-4,-3.9859114
2013-07-18T09-51-52.286  3.3727863,-0.34428406,-4.330794
2013-07-18T09-51-52.288  3.717669,-0.4975653,-4.445755
2013-07-18T09-51-52.305  3.4111066,-1.07237,-4.1775126
2013-07-18T09-51-52.307  3.219505,-1.6088544,-3.4111066
2013-07-18T09-51-52.319  2.8363018,-1.8770965,-2.60638
2013-07-18T09-51-52.321  2.9129424,-3.1033466,-2.2998176
2013-07-18T09-51-52.337  3.334466,-3.9080732,-2.2998176
2013-07-18T09-51-52.338  3.7943096,-4.5595183,-2.4530988
2013-07-18T09-51-52.354  4.3691144,-4.75112,-2.7596612
2013-07-18T09-51-52.355  5.0972004,-4.5595183,-3.1811848
2013-07-18T09-51-52.370  5.327122,-4.214636,-3.2578254
2013-07-18T09-51-52.372  5.518724,-4.023034,-3.717669
2013-07-18T09-51-52.390  5.403763,-3.9463935,-3.9475908
2013-07-18T09-51-52.391  4.8672786,-4.023034,-3.717669
2013-07-18T09-51-52.405  4.292474,-4.597839,-3.2961457
2013-07-18T09-51-52.406  3.83263,-6.1306515,-2.5297394
2013-07-18T09-51-52.410  4.2541533,-7.20362,-1.495091
2013-07-18T09-51-52.426  5.2888017,-7.816745,-0.84364563
2013-07-18T09-51-52.428  6.476732,-8.46819,-0.92028624
2013-07-18T09-51-52.439  7.051536,-8.46819,-1.2268487
2013-07-18T09-51-52.441  7.358099,-7.931706,-1.6866925
2013-07-18T09-51-52.458  6.898255,-7.4718623,-1.6866925
2013-07-18T09-51-52.460  5.8636065,-6.437214,-1.6483722
2013-07-18T09-51-52.473  4.445755,-5.9390497,-1.0735675
2013-07-18T09-51-52.474  3.4111066,-6.245612,-0.69036436
2013-07-18T09-51-52.490  2.989583,-8.3532295,-0.34548157
2013-07-18T09-51-52.491  4.100872,-10.001003,0.4975653
2013-07-18T09-51-52.508  5.786966,-11.035651,0.38260436
2013-07-18T09-51-52.510  6.783294,-11.9553385,-0.11555969
2013-07-18T09-51-52.524  7.6646614,-12.376863,-0.19220032
2013-07-18T09-51-52.525  7.741302,-12.14694,0.34428406
2013-07-18T09-51-52.540  7.1281767,-11.342214,0.7274872
2013-07-18T09-51-52.541  6.2468095,-10.652448,0.9957294
2013-07-18T09-51-52.559  5.0972004,-10.460847,1.4555731
2013-07-18T09-51-52.561  4.828958,-10.729089,1.7621356
2013-07-18T09-51-52.563  5.05888,-12.415182,2.4519012
2013-07-18T09-51-52.576  5.940247,-13.794714,2.681823
2013-07-18T09-51-52.578  7.3197784,-15.212565,1.7621356
2013-07-18T09-51-52.592  8.431067,-15.557448,1.0340496
2013-07-18T09-51-52.594  9.159153,-16.323854,0.34428406
2013-07-18T09-51-52.607  9.082513,-15.902331,-0.38380188
2013-07-18T09-51-52.610  8.622669,-15.9789715,-0.88196594
2013-07-18T09-51-52.624  8.239466,-16.055613,-0.95860654
2013-07-18T09-51-52.626  8.047864,-16.93698,-0.92028624
2013-07-18T09-51-52.645  8.277786,-17.971628,-0.11555969
2013-07-18T09-51-52.647  8.967552,-18.508112,0.38260436
2013-07-18T09-51-52.662  9.504036,-18.967957,0.57420594
2013-07-18T09-51-52.664  9.465716,-19.197878,0.30596375
2013-07-18T09-51-52.677  9.350755,-19.082916,0.11436218
2013-07-18T09-51-52.678  9.235794,-18.738033,-0.23052064
2013-07-18T09-51-52.696  9.005872,-17.933308,-0.72868466
2013-07-18T09-51-52.698  8.469388,-17.05194,-0.92028624
2013-07-18T09-51-52.710  7.741302,-16.400496,-1.3034893
2013-07-18T09-51-52.712  6.9365754,-16.017292,-1.8016534
2013-07-18T09-51-52.715  6.5533724,-15.289206,-0.767005
2013-07-18T09-51-52.727  6.476732,-14.944324,-0.30716124
2013-07-18T09-51-52.730  6.438411,-13.947995,-0.30716124
2013-07-18T09-51-52.743  6.515052,-13.104948,-0.38380188
2013-07-18T09-51-52.746  6.5916924,-12.568463,-0.69036436
2013-07-18T09-51-52.763  6.898255,-12.14694,-1.3034893
2013-07-18T09-51-52.764  7.396419,-11.917019,-1.7633331
2013-07-18T09-51-52.777  7.7029815,-11.763737,-2.491419
2013-07-18T09-51-52.779  7.741302,-11.687097,-2.8363018
2013-07-18T09-51-52.797  7.013216,-11.150612,-3.219505
2013-07-18T09-51-52.798  6.630013,-10.652448,-3.1045442
2013-07-18T09-51-52.811  5.2504816,-9.234596,-2.874622
2013-07-18T09-51-52.813  3.9092705,-7.5101824,-3.0279036
2013-07-18T09-51-52.830  3.0279036,-5.517526,-2.4147785
2013-07-18T09-51-52.832  2.5297394,-4.3295965,-1.5717316
2013-07-18T09-51-52.847  2.4530988,-3.2183075,-1.495091
2013-07-18T09-51-52.849  2.9512627,-2.6435027,-1.5717316
2013-07-18T09-51-52.862  3.6410284,-2.9883857,-2.4147785
2013-07-18T09-51-52.863  4.9055986,-3.3715887,-3.0662239
2013-07-18T09-51-52.867  5.5953646,-3.9463935,-3.5643878
2013-07-18T09-51-52.879  6.055208,-4.061354,-3.4111066
2013-07-18T09-51-52.883  5.786966,-4.2912765,-2.9512627
2013-07-18T09-51-52.896  5.2504816,-3.8314326,-1.993255
2013-07-18T09-51-52.899  3.9859114,-3.1033466,-1.4184504
2013-07-18T09-51-52.913  2.9512627,-1.9154168,-0.61372375
2013-07-18T09-51-52.915  2.0315752,-0.7274872,-0.53708315
2013-07-18T09-51-52.930  1.7633331,0.61372375,-0.07723938
2013-07-18T09-51-52.931  1.6483722,1.6483722,-5.987549E-4
2013-07-18T09-51-52.947  2.3764582,2.2998176,-0.15388
2013-07-18T09-51-52.948  2.4147785,2.6447003,-0.57540345
2013-07-18T09-51-52.964  2.7979815,2.7979815,-0.69036436
2013-07-18T09-51-52.965  2.9129424,2.5680597,-0.65204406
2013-07-18T09-51-52.981  2.721341,2.0315752,-0.03891907
2013-07-18T09-51-52.982  2.721341,1.6100519,0.8807684
2013-07-18T09-51-52.999  2.60638,0.8053253,1.4172528
2013-07-18T09-51-53.000  2.7596612,0.42212218,1.5705341
2013-07-18T09-51-53.017  2.60638,0.15388,1.6471747
2013-07-18T09-51-53.018  2.874622,0.23052064,1.9154168
2013-07-18T09-51-53.021  2.9129424,0.15388,1.7238153
2013-07-18T09-51-53.033  2.8363018,0.03891907,1.7621356
2013-07-18T09-51-53.035  3.0279036,0.34548157,1.5705341
2013-07-18T09-51-53.051  3.1045442,0.23052064,1.1490107
2013-07-18T09-51-53.052  3.0662239,0.4604425,1.07237
2013-07-18T09-51-53.066  3.3727863,0.34548157,1.3022919
2013-07-18T09-51-53.075  3.717669,0.15388,1.7238153
2013-07-18T09-51-53.086  3.7943096,-0.30596375,1.6088544
2013-07-18T09-51-53.089  4.330794,-0.9190887,1.6088544
2013-07-18T09-51-53.102  4.445755,-1.8004559,1.5705341
2013-07-18T09-51-53.103  4.9055986,-2.3369403,1.4938934
2013-07-18T09-51-53.118  5.0972004,-3.141667,1.5705341
2013-07-18T09-51-53.119  5.05888,-3.7164717,1.5705341
2013-07-18T09-51-53.137  5.2504816,-3.9847138,1.4172528
2013-07-18T09-51-53.140  5.1355205,-3.9080732,1.6471747
2013-07-18T09-51-53.152  4.9822392,-3.6398308,1.6088544
2013-07-18T09-51-53.153  5.173841,-3.4482293,1.8770965
2013-07-18T09-51-53.168  5.327122,-3.6398308,2.3369403
2013-07-18T09-51-53.169  5.403763,-4.367917,2.8734248
2013-07-18T09-51-53.172  5.8252864,-4.9044013,2.7584639
2013-07-18T09-51-53.185  6.2084894,-5.862409,2.6435027
2013-07-18T09-51-53.188  6.7066536,-6.705456,2.3752606
2013-07-18T09-51-53.201  7.358099,-7.318581,1.4555731
2013-07-18T09-51-53.204  7.358099,-7.2419405,0.8424481
2013-07-18T09-51-53.218  7.358099,-7.740104,0.4975653
2013-07-18T09-51-53.220  7.1281767,-7.931706,0.22932312
2013-07-18T09-51-53.235  6.783294,-8.506511,0.1910028
2013-07-18T09-51-53.237  6.668333,-9.119636,0.4975653
2013-07-18T09-51-53.252  6.630013,-10.1542845,0.61252624
2013-07-18T09-51-53.254  7.051536,-10.690768,0.68916684
2013-07-18T09-51-53.271  7.358099,-11.418855,0.4209247
2013-07-18T09-51-53.272  8.009544,-12.14694,-0.19220032
2013-07-18T09-51-53.286  8.66099,-12.415182,-0.30716124
2013-07-18T09-51-53.287  9.082513,-12.798386,-0.30716124
2013-07-18T09-51-53.305  9.504036,-12.951667,-0.26884094
2013-07-18T09-51-53.306  9.312435,-13.679752,-0.03891907
2013-07-18T09-51-53.323  9.618998,-15.097605,-0.15388
2013-07-18T09-51-53.325  9.92556,-16.707058,0.1910028
2013-07-18T09-51-53.327  10.385404,-17.741707,0.4975653
2013-07-18T09-51-53.339  10.6536455,-18.661394,0.8041278
2013-07-18T09-51-53.342  10.193802,-18.776354,1.3406122
2013-07-18T09-51-53.354  9.427396,-17.971628,2.29862
2013-07-18T09-51-53.357  8.66099,-16.822018,3.52487
2013-07-18T09-51-53.373  8.047864,-15.940651,4.137995
2013-07-18T09-51-53.374  8.0861845,-15.940651,5.0576825
2013-07-18T09-51-53.390  8.162826,-16.093933,6.245612
2013-07-18T09-51-53.391  8.162826,-16.362175,6.7437763
2013-07-18T09-51-53.407  8.239466,-16.477135,7.586823
2013-07-18T09-51-53.408  7.8179426,-16.592096,7.931706
2013-07-18T09-51-53.425  7.588021,-15.6340885,8.199948
2013-07-18T09-51-53.427  7.396419,-14.5227995,7.701784
2013-07-18T09-51-53.445  7.243138,-13.219909,6.7820964
2013-07-18T09-51-53.447  6.476732,-11.572136,5.4408855
2013-07-18T09-51-53.448  6.0168877,-10.307566,5.134323
2013-07-18T09-51-53.453  5.3654423,-8.659792,5.364245
2013-07-18T09-51-53.475  5.5953646,-7.356901,5.747448
2013-07-18T09-51-53.476  5.9785676,-6.705456,5.97737
2013-07-18T09-51-53.478  6.0935283,-5.9390497,6.8970575
2013-07-18T09-51-53.491  6.32345,-6.3222528,7.548503
2013-07-18T09-51-53.493  6.28513,-6.590495,8.161628
2013-07-18T09-51-53.509  6.630013,-7.012018,8.276588
2013-07-18T09-51-53.510  6.783294,-7.4718623,8.008347
2013-07-18T09-51-53.529  6.32345,-7.433542,7.6634636
2013-07-18T09-51-53.530  6.0935283,-7.356901,7.318581
2013-07-18T09-51-53.542  5.3654423,-7.012018,7.1269794
2013-07-18T09-51-53.544  4.675677,-6.475534,6.437214
2013-07-18T09-51-53.558  4.2541533,-5.5941668,5.6324873
2013-07-18T09-51-53.559  3.5260675,-4.636159,4.9427214
2013-07-18T09-51-53.575  2.9512627,-3.6015105,4.4828777
2013-07-18T09-51-53.577  2.6447003,-2.7584639,4.061354
2013-07-18T09-51-53.592  2.491419,-1.7621356,3.9463935
2013-07-18T09-51-53.593  2.6447003,-1.0340496,3.9847138
2013-07-18T09-51-53.609  3.0662239,-0.22932312,3.7931123
2013-07-18T09-51-53.611  3.5260675,-0.11436218,3.6398308
2013-07-18T09-51-53.626  3.83263,0.11555969,3.026706
2013-07-18T09-51-53.628  4.215833,-0.38260436,2.566862
2013-07-18T09-51-53.630  4.330794,-0.7274872,2.2602997
2013-07-18T09-51-53.644  4.5223956,-1.4172528,2.183659
2013-07-18T09-51-53.646  4.1391926,-2.2602997,2.5285418
2013-07-18T09-51-53.663  3.7559893,-2.9500654,2.8734248
2013-07-18T09-51-53.667  3.2578254,-3.2566278,2.9883857
2013-07-18T09-51-53.680  2.5680597,-2.6051824,2.9500654
2013-07-18T09-51-53.684  2.3381379,-1.6471747,3.3332684
2013-07-18T09-51-53.697  2.1465364,-0.8807684,2.681823
2013-07-18T09-51-53.701  2.1465364,-0.11436218,1.5705341
2013-07-18T09-51-53.715  2.223177,0.767005,0.65084654
2013-07-18T09-51-53.718  2.5680597,1.1885284,0.1910028
2013-07-18T09-51-53.731  2.874622,1.495091,-0.34548157
2013-07-18T09-51-53.734  2.7596612,1.8016534,-1.6100519
2013-07-18T09-51-53.749  3.0279036,1.4567707,-2.5680597
2013-07-18T09-51-53.751  3.1428645,0.88196594,-2.9129424
2013-07-18T09-51-53.762  2.9512627,-0.57420594,-2.721341
2013-07-18T09-51-53.763  2.2998176,-1.8770965,-1.9166144
2013-07-18T09-51-53.777  2.108216,-3.0650263,-1.1885284
2013-07-18T09-51-53.778  2.223177,-4.252956,-0.26884094
2013-07-18T09-51-53.783  2.5680597,-4.8660808,0.459245
2013-07-18T09-51-53.798  2.874622,-5.019362,0.30596375
2013-07-18T09-51-53.799  3.7559893,-4.8277607,-0.11555969
2013-07-18T09-51-53.812  4.100872,-4.3295965,-0.84364563
2013-07-18T09-51-53.815  3.83263,-4.023034,-1.495091
2013-07-18T09-51-53.829  3.6410284,-3.6781511,-1.7250128
2013-07-18T09-51-53.831  3.4877472,-3.5631902,-1.495091
2013-07-18T09-51-53.847  2.7979815,-3.3715887,-1.4567707
2013-07-18T09-51-53.854  2.3764582,-3.6398308,-1.6866925
2013-07-18T09-51-53.872  2.4530988,-4.406237,-1.8399738
2013-07-18T09-51-53.874  2.7596612,-5.5558467,-2.108216
2013-07-18T09-51-53.875  3.2961457,-6.973698,-2.1848567
2013-07-18T09-51-53.880  4.062552,-8.966354,-2.4147785
2013-07-18T09-51-53.899  4.9822392,-10.537487,-3.0279036
2013-07-18T09-51-53.903  5.940247,-11.572136,-3.4111066
2013-07-18T09-51-53.917  6.783294,-11.725417,-3.5260675
2013-07-18T09-51-53.919  6.898255,-10.805729,-3.5260675
2013-07-18T09-51-53.935  6.783294,-9.65612,-2.989583
2013-07-18T09-51-53.937  5.7103252,-9.8094015,-2.1848567
2013-07-18T09-51-53.938  4.9822392,-10.805729,-2.5680597
2013-07-18T09-51-53.949  5.7103252,-11.878698,-3.9859114
2013-07-18T09-51-53.951  6.9365754,-12.568463,-5.748646
2013-07-18T09-51-53.968  8.162826,-13.679752,-6.783294
2013-07-18T09-51-53.971  8.929232,-14.714401,-6.3617706
2013-07-18T09-51-53.985  9.389075,-15.74905,-5.6336846
2013-07-18T09-51-53.988  9.772279,-16.898659,-4.1391926
2013-07-18T09-51-54.002  9.96388,-18.04827,-2.7979815
2013-07-18T09-51-54.004  10.615325,-19.197878,-1.5717316
2013-07-18T09-51-54.021  10.9985285,-19.581081,-0.4604425
2013-07-18T09-51-54.023  11.075169,-19.581081,0.1910028
2013-07-18T09-51-54.041  10.500364,-19.581081,1.0340496
2013-07-18T09-51-54.043  10.040521,-19.197878,1.1490107
2013-07-18T09-51-54.044  9.082513,-18.009949,1.07237
2013-07-18T09-51-54.047  8.507709,-16.515455,1.0340496
2013-07-18T09-51-54.068  7.779622,-15.595768,1.187331
2013-07-18T09-51-54.070  7.4347396,-15.82569,1.187331
2013-07-18T09-51-54.090  7.358099,-16.093933,1.4172528
2013-07-18T09-51-54.092  7.6646614,-16.668737,2.1070185
2013-07-18T09-51-54.093  8.584349,-17.320183,2.0686982
2013-07-18T09-51-54.096  9.005872,-17.780025,2.29862
2013-07-18T09-51-54.104  8.469388,-17.090261,2.3369403
2013-07-18T09-51-54.122  7.3197784,-15.442487,3.1033466
2013-07-18T09-51-54.125  5.518724,-13.718073,3.294948
2013-07-18T09-51-54.141  4.292474,-11.188932,2.8351045
2013-07-18T09-51-54.142  4.0242314,-9.081315,2.566862
2013-07-18T09-51-54.158  4.675677,-7.740104,2.6051824
2013-07-18T09-51-54.160  5.173841,-7.1653,2.4902215
2013-07-18T09-51-54.175  5.8252864,-6.973698,2.29862
2013-07-18T09-51-54.177  6.0168877,-6.475534,2.8351045
2013-07-18T09-51-54.189  6.2468095,-6.092331,3.6398308
2013-07-18T09-51-54.191  6.515052,-5.862409,4.367917
2013-07-18T09-51-54.202  6.7449737,-5.517526,4.5595183
2013-07-18T09-51-54.203  6.8216143,-5.2109637,4.023034
2013-07-18T09-51-54.219  6.438411,-4.8660808,3.869753
2013-07-18T09-51-54.220  5.9785676,-4.5595183,3.869753
2013-07-18T09-51-54.235  5.173841,-4.061354,4.214636
2013-07-18T09-51-54.236  4.6373568,-2.9500654,4.023034
2013-07-18T09-51-54.241  4.3691144,-2.0303779,3.4482293
2013-07-18T09-51-54.253  4.100872,-0.8807684,2.6435027
2013-07-18T09-51-54.256  4.100872,-0.07604187,2.2602997
2013-07-18T09-51-54.269  4.330794,0.4604425,2.0303779
2013-07-18T09-51-54.272  4.215833,0.57540345,1.9537371
2013-07-18T09-51-54.287  4.215833,0.88196594,1.9154168
2013-07-18T09-51-54.289  4.2541533,1.1118878,2.0686982
2013-07-18T09-51-54.307  4.1391926,0.9969269,2.681823
2013-07-18T09-51-54.311  4.100872,1.0735675,2.9883857
2013-07-18T09-51-54.327  3.9859114,0.49876282,3.2566278
2013-07-18T09-51-54.329  4.1775126,-0.07604187,3.6398308
2013-07-18T09-51-54.344  4.215833,-0.7658075,3.3715887
2013-07-18T09-51-54.346  4.330794,-1.4938934,2.8734248
2013-07-18T09-51-54.363  4.292474,-1.9920574,2.4519012
2013-07-18T09-51-54.364  4.215833,-1.7238153,1.7238153
2013-07-18T09-51-54.366  3.7943096,-1.3022919,0.34428406
2013-07-18T09-51-54.369  3.7559893,-1.07237,-0.95860654
2013-07-18T09-51-54.391  3.5643878,-0.61252624,-1.6483722
2013-07-18T09-51-54.393  3.5643878,-0.459245,-1.4184504
2013-07-18T09-51-54.395  3.1428645,-0.57420594,-0.8053253
2013-07-18T09-51-54.408  2.989583,-0.4209247,-0.23052064
2013-07-18T09-51-54.409  2.9512627,-0.1910028,0.38260436
2013-07-18T09-51-54.423  3.1045442,0.23052064,0.8424481
2013-07-18T09-51-54.425  2.874622,0.30716124,1.3022919
2013-07-18T09-51-54.440  2.5680597,-0.1910028,1.4938934
2013-07-18T09-51-54.442  2.60638,-1.07237,1.3789325
2013-07-18T09-51-54.458  2.5297394,-2.1453388,0.9957294
2013-07-18T09-51-54.460  2.721341,-3.52487,0.38260436
2013-07-18T09-51-54.475  2.9129424,-4.1763153,-0.61372375
2013-07-18T09-51-54.476  3.1045442,-4.4828777,-1.993255
2013-07-18T09-51-54.493  3.6793487,-4.367917,-3.1428645
2013-07-18T09-51-54.494  4.330794,-4.0996747,-3.5643878
2013-07-18T09-51-54.508  5.05888,-3.9463935,-3.449427
2013-07-18T09-51-54.509  5.2888017,-3.9080732,-2.491419
2013-07-18T09-51-54.524  5.6336846,-4.5211983,-1.2268487
2013-07-18T09-51-54.526  5.3654423,-5.709128,-0.34548157
2013-07-18T09-51-54.543  5.403763,-7.2802606,-0.65204406
2013-07-18T09-51-54.545  5.557044,-8.544831,-1.4184504
2013-07-18T09-51-54.547  6.28513,-9.426198,-2.989583
2013-07-18T09-51-54.559  7.4347396,-9.924362,-4.215833
2013-07-18T09-51-54.561  8.239466,-10.001003,-5.02056
2013-07-18T09-51-54.581  9.005872,-9.6178,-5.518724
2013-07-18T09-51-54.583  9.159153,-8.813073,-5.02056
2013-07-18T09-51-54.595  8.469388,-8.736432,-4.215833
2013-07-18T09-51-54.596  7.8562627,-9.924362,-2.8363018
2013-07-18T09-51-54.610  8.162826,-12.261901,-2.0698957
2013-07-18T09-51-54.611  9.580677,-14.446159,-1.7633331
2013-07-18T09-51-54.628  11.19013,-16.247213,-1.993255
2013-07-18T09-51-54.629  12.684622,-17.741707,-1.8399738
2013-07-18T09-51-54.646  13.872552,-18.354832,-1.265169
2013-07-18T09-51-54.650  14.255755,-18.699715,-0.72868466
2013-07-18T09-51-54.666  13.68095,-18.661394,-0.34548157
2013-07-18T09-51-54.668  12.4547,-17.894987,0.459245
2013-07-18T09-51-54.669  11.343411,-16.822018,1.3406122
2013-07-18T09-51-54.674  10.500364,-15.78737,2.29862
2013-07-18T09-51-54.697  9.504036,-14.63776,2.7201433
2013-07-18T09-51-54.700  8.967552,-14.024635,3.2183075
2013-07-18T09-51-54.702  8.73763,-13.8330345,3.1799872
2013-07-18T09-51-54.717  8.622669,-13.603112,2.8734248
2013-07-18T09-51-54.719  8.66099,-13.143269,2.6435027
2013-07-18T09-51-54.735  8.009544,-12.223581,2.2602997
2013-07-18T09-51-54.736  7.358099,-10.88237,2.413581
2013-07-18T09-51-54.738  6.7066536,-9.771081,2.7201433
2013-07-18T09-51-54.746  6.476732,-8.39155,2.681823
2013-07-18T09-51-54.769  6.28513,-7.012018,2.3752606
2013-07-18T09-51-54.771  5.901927,-5.862409,2.1070185
2013-07-18T09-51-54.773  6.0168877,-4.7127995,1.8387762
2013-07-18T09-51-54.778  6.3617706,-3.6781511,1.3789325
2013-07-18T09-51-54.797  6.438411,-2.9500654,1.1490107
2013-07-18T09-51-54.799  6.630013,-2.413581,1.187331
2013-07-18T09-51-54.814  6.783294,-2.2219794,0.9190887
2013-07-18T09-51-54.815  6.5916924,-1.6088544,1.1106904
2013-07-18T09-51-54.831  6.3617706,-1.4555731,1.187331
2013-07-18T09-51-54.832  6.2468095,-0.8807684,1.187331
2013-07-18T09-51-54.835  6.2084894,-0.4975653,1.4555731
2013-07-18T09-51-54.848  6.131849,-0.07604187,1.2639716
2013-07-18T09-51-54.852  6.055208,0.42212218,1.07237
2013-07-18T09-51-54.865  5.672005,0.49876282,0.9957294
2013-07-18T09-51-54.867  5.6336846,1.265169,0.65084654
2013-07-18T09-51-54.881  5.3654423,1.5717316,0.57420594
2013-07-18T09-51-54.883  5.0972004,1.8782941,0.30596375
2013-07-18T09-51-54.900  4.7523174,1.7633331,0.1910028
2013-07-18T09-51-54.903  4.1775126,1.6483722,0.38260436
2013-07-18T09-51-54.915  3.6793487,1.993255,0.65084654
2013-07-18T09-51-54.916  3.6410284,2.0315752,1.1106904
2013-07-18T09-51-54.931  3.2961457,1.8782941,1.3789325
2013-07-18T09-51-54.932  3.602708,1.5334113,0.9190887
2013-07-18T09-51-54.948  3.3727863,1.1885284,0.38260436
2013-07-18T09-51-54.949  3.449427,0.4604425,0.38260436
2013-07-18T09-51-54.965  3.449427,-0.26764342,0.1526825
2013-07-18T09-51-54.966  3.3727863,-0.38260436,-0.03891907
2013-07-18T09-51-54.985  3.2961457,-0.68916684,-0.03891907
2013-07-18T09-51-54.986  3.5260675,-0.8807684,-0.11555969
2013-07-18T09-51-54.999  3.3727863,-0.9190887,0.65084654
2013-07-18T09-51-55.000  3.1811848,-0.4975653,0.8424481
2013-07-18T09-51-55.004  2.9512627,-0.38260436,0.9574091
2013-07-18T09-51-55.017  2.7979815,-0.38260436,0.7274872
2013-07-18T09-51-55.019  2.4530988,0.07723938,0.57420594
2013-07-18T09-51-55.033  2.4147785,-0.61252624,0.34428406
2013-07-18T09-51-55.036  2.4530988,-0.7274872,-5.987549E-4
2013-07-18T09-51-55.055  2.60638,-1.4555731,-0.11555969
2013-07-18T09-51-55.057  2.9512627,-2.6051824,-0.07723938
2013-07-18T09-51-55.069  3.6410284,-3.869753,-0.4604425
2013-07-18T09-51-55.071  4.292474,-4.8660808,-0.8053253
2013-07-18T09-51-55.085  5.02056,-5.7857685,-1.0352472
2013-07-18T09-51-55.087  5.05888,-6.245612,-0.42212218
2013-07-18T09-51-55.101  5.0972004,-5.900729,0.30596375
2013-07-18T09-51-55.103  4.7523174,-5.325925,0.57420594
2013-07-18T09-51-55.118  4.7139974,-4.252956,0.459245
2013-07-18T09-51-55.120  4.4074345,-3.4482293,0.4975653
2013-07-18T09-51-55.137  3.7943096,-3.9080732,0.11436218
2013-07-18T09-51-55.138  2.9129424,-5.479206,0.57420594
2013-07-18T09-51-55.153  3.3727863,-7.356901,0.57420594
2013-07-18T09-51-55.154  4.5223956,-9.387877,0.07604187
2013-07-18T09-51-55.156  6.0935283,-11.342214,-0.84364563
2013-07-18T09-51-55.170  7.396419,-12.836706,-1.1502081
2013-07-18T09-51-55.172  8.316107,-14.216237,-0.72868466
2013-07-18T09-51-55.186  8.699309,-14.484479,-0.38380188
2013-07-18T09-51-55.187  8.584349,-14.63776,-0.30716124
2013-07-18T09-51-55.204  7.741302,-13.871354,-0.15388
2013-07-18T09-51-55.205  6.630013,-12.606784,-0.19220032
2013-07-18T09-51-55.221  5.7103252,-12.721745,0.11436218
2013-07-18T09-51-55.223  5.403763,-13.449831,0.30596375
2013-07-18T09-51-55.237  5.4420834,-15.174245,0.9190887
2013-07-18T09-51-55.239  6.131849,-16.898659,1.6088544
2013-07-18T09-51-55.254  6.859935,-18.584753,1.8004559
2013-07-18T09-51-55.255  7.4730597,-19.4278,1.5705341
2013-07-18T09-51-55.273  7.7029815,-19.581081,0.9574091
2013-07-18T09-51-55.275  7.779622,-19.581081,0.68916684
2013-07-18T09-51-55.287  8.239466,-19.581081,0.7274872
2013-07-18T09-51-55.289  9.005872,-19.581081,0.4209247
2013-07-18T09-51-55.304  9.197474,-19.581081,0.22932312
2013-07-18T09-51-55.305  8.546028,-19.581081,1.187331
2013-07-18T09-51-55.310  8.431067,-19.581081,2.2602997
2013-07-18T09-51-55.322  7.1281767,-19.581081,2.6435027
2013-07-18T09-51-55.324  4.3691144,-19.581081,2.9883857
2013-07-18T09-51-55.339  1.8399738,-19.581081,3.6398308
2013-07-18T09-51-55.340  -0.26764342,-19.46612,4.636159
2013-07-18T09-51-55.355  -1.9920574,-17.396824,4.061354
2013-07-18T09-51-55.357  -2.5285418,-14.254558,2.911745
2013-07-18T09-51-55.375  -2.1070185,-11.073972,0.07604187
2013-07-18T09-51-55.376  -1.2256513,-8.583151,-2.4530988
2013-07-18T09-51-55.390  -0.26764342,-7.1269794,-4.599036
2013-07-18T09-51-55.392  0.42212218,-6.590495,-5.4420834
2013-07-18T09-51-55.408  0.95860654,-5.7857685,-4.7139974
2013-07-18T09-51-55.409  1.2268487,-4.406237,-2.721341
2013-07-18T09-51-55.426  1.8016534,-2.7967842,-0.23052064
2013-07-18T09-51-55.429  2.1848567,-0.53588563,1.07237
2013-07-18T09-51-55.441  2.8363018,1.7633331,1.8387762
2013-07-18T09-51-55.442  3.1811848,3.7943096,2.0303779
2013-07-18T09-51-55.457  3.3727863,5.327122,1.4555731
2013-07-18T09-51-55.463  3.4111066,5.8636065,1.2256513
2013-07-18T09-51-55.464  3.2961457,5.9785676,1.5322137
2013-07-18T09-51-55.482  3.0279036,6.131849,1.9537371
2013-07-18T09-51-55.484  3.2578254,5.748646,2.3369403
2013-07-18T09-51-55.485  3.6410284,5.4420834,2.0686982
2013-07-18T09-51-55.493  3.9475908,5.2504816,1.8004559
2013-07-18T09-51-55.509  3.7559893,5.4420834,1.07237
2013-07-18T09-51-55.510  3.2961457,5.403763,0.4975653
2013-07-18T09-51-55.526  2.9512627,5.672005,0.1910028
2013-07-18T09-51-55.527  2.60638,5.901927,0.4209247
2013-07-18T09-51-55.543  2.60638,5.672005,0.61252624
2013-07-18T09-51-55.544  2.4147785,5.672005,0.65084654
2013-07-18T09-51-55.562  1.9549347,4.943919,1.4938934
2013-07-18T09-51-55.566  1.2268487,3.9475908,2.3369403
2013-07-18T09-51-55.581  0.72868466,3.4877472,2.183659
2013-07-18T09-51-55.584  0.84364563,2.6830206,2.2219794
2013-07-18T09-51-55.585  1.1885284,2.0315752,1.6471747
2013-07-18T09-51-55.589  1.4184504,1.6100519,0.8807684
2013-07-18T09-51-55.608  1.2268487,0.53708315,0.61252624
2013-07-18T09-51-55.610  0.88196594,-0.57420594,0.57420594
2013-07-18T09-51-55.614  0.34548157,-1.4555731,0.8424481
2013-07-18T09-51-55.627  -0.30596375,-2.2219794,1.0340496
2013-07-18T09-51-55.629  -0.9574091,-2.8734248,1.2639716
2013-07-18T09-51-55.643  -1.6471747,-3.294948,1.2256513
2013-07-18T09-51-55.645  -1.5705341,-3.6015105,1.07237
2013-07-18T09-51-55.659  -2.2602997,-4.252956,0.57420594
2013-07-18T09-51-55.661  -2.8734248,-5.862409,-0.19220032
2013-07-18T09-51-55.676  -2.7201433,-8.008347,-0.15388
2013-07-18T09-51-55.678  -1.4938934,-10.652448,0.459245
2013-07-18T09-51-55.694  0.53708315,-12.530144,1.1490107
2013-07-18T09-51-55.695  2.0698957,-14.331198,2.29862
2013-07-18T09-51-55.712  3.449427,-16.783699,3.6398308
2013-07-18T09-51-55.713  5.3654423,-18.43147,2.9500654
2013-07-18T09-51-55.731  7.013216,-19.121237,1.187331
2013-07-18T09-51-55.733  8.469388,-19.581081,-0.9969269
2013-07-18T09-51-55.745  9.92556,-19.581081,-2.1465364
2013-07-18T09-51-55.747  10.806927,-19.581081,-2.4147785
2013-07-18T09-51-55.764  11.305091,-19.581081,-3.0662239
2013-07-18T09-51-55.766  11.688294,-19.581081,-3.5643878
2013-07-18T09-51-55.768  11.726614,-19.581081,-2.3381379
2013-07-18T09-51-55.783  10.883568,-19.581081,-0.53708315
2013-07-18T09-51-55.785  8.507709,-19.581081,0.9190887
2013-07-18T09-51-55.799  5.901927,-19.581081,4.5595183
2013-07-18T09-51-55.802  3.2578254,-19.581081,6.973698
2013-07-18T09-51-55.818  0.49876282,-19.581081,6.245612
2013-07-18T09-51-55.819  -3.5631902,-19.581081,5.479206
2013-07-18T09-51-55.831  -6.5521746,-19.581081,4.5595183
2013-07-18T09-51-55.833  -10.537487,-19.581081,1.187331
2013-07-18T09-51-55.847  -14.446159,-19.581081,-1.495091
2013-07-18T09-51-55.848  -17.588425,-19.581081,-2.4530988
2013-07-18T09-51-55.866  -19.159557,-18.891315,-2.5680597
2013-07-18T09-51-55.867  -19.121237,-13.104948,-3.449427
2013-07-18T09-51-55.884  -17.511784,-6.1689715,-2.989583
2013-07-18T09-51-55.887  -16.055613,2.874622,-1.2268487
2013-07-18T09-51-55.900  -13.104948,12.914544,4.137995
2013-07-18T09-51-55.903  -8.544831,19.352356,9.196277
2013-07-18T09-51-55.904  -4.406237,19.543959,11.2655735
2013-07-18T09-51-55.917  -2.183659,19.543959,8.813073
2013-07-18T09-51-55.919  5.987549E-4,19.543959,5.517526
2013-07-18T09-51-55.932  1.8782941,18.70091,3.0650263
2013-07-18T09-51-55.934  2.8363018,12.41638,2.29862
