2013-07-18T11-03-13.433  -2.2602997,-16.285534,-3.4877472
2013-07-18T11-03-13.435  13.987513,-7.6634636,-5.987549E-4
2013-07-18T11-03-13.458  15.060482,-8.3532295,0.8424481
2013-07-18T11-03-13.460  15.443685,-9.272917,1.8004559
2013-07-18T11-03-13.461  15.788568,-9.464519,2.29862
2013-07-18T11-03-13.467  15.980169,-9.387877,3.294948
2013-07-18T11-03-13.495  15.711926,-9.234596,2.7967842
2013-07-18T11-03-13.497  15.0221615,-9.042995,4.6744795
2013-07-18T11-03-13.499  13.987513,-8.889713,4.9427214
2013-07-18T11-03-13.501  13.64263,-8.774753,3.1033466
2013-07-18T11-03-13.531  13.5659895,-8.928034,4.7127995
2013-07-18T11-03-13.534  13.144466,-9.349558,3.5631902
2013-07-18T11-03-13.535  13.067825,-9.65612,3.52487
2013-07-18T11-03-13.537  12.991184,-9.924362,4.367917
2013-07-18T11-03-13.540  12.531341,-10.192604,3.026706
2013-07-18T11-03-13.561  12.493021,-10.077643,2.6435027
2013-07-18T11-03-13.563  12.186459,-9.541159,2.4519012
2013-07-18T11-03-13.565  11.688294,-8.851394,1.685495
2013-07-18T11-03-13.572  10.921887,-8.238269,2.6051824
2013-07-18T11-03-13.592  10.615325,-7.6251435,2.7967842
2013-07-18T11-03-13.594  10.193802,-6.973698,2.2219794
2013-07-18T11-03-13.606  9.92556,-6.3988934,2.681823
2013-07-18T11-03-13.608  9.312435,-5.9390497,1.6471747
2013-07-18T11-03-13.620  9.159153,-5.709128,1.1490107
2013-07-18T11-03-13.621  9.005872,-5.6324873,1.3406122
2013-07-18T11-03-13.640  8.469388,-5.517526,0.4975653
2013-07-18T11-03-13.643  8.277786,-5.325925,0.68916684
2013-07-18T11-03-13.658  8.354427,-5.325925,0.7274872
2013-07-18T11-03-13.661  8.0861845,-5.019362,0.22932312
2013-07-18T11-03-13.673  7.8179426,-4.9427214,0.8807684
2013-07-18T11-03-13.674  7.741302,-4.406237,1.1106904
2013-07-18T11-03-13.678  7.626341,-4.061354,1.2639716
2013-07-18T11-03-13.689  7.243138,-3.3332684,1.7621356
2013-07-18T11-03-13.692  6.5916924,-2.8351045,1.9537371
2013-07-18T11-03-13.710  6.32345,-2.7201433,1.9920574
2013-07-18T11-03-13.712  6.32345,-2.2602997,1.5322137
2013-07-18T11-03-13.725  6.28513,-2.7201433,0.7658075
2013-07-18T11-03-13.727  6.668333,-2.8351045,0.1526825
2013-07-18T11-03-13.741  7.243138,-3.6781511,-0.42212218
2013-07-18T11-03-13.742  7.6646614,-3.9080732,-0.92028624
2013-07-18T11-03-13.757  7.8562627,-4.137995,-0.9969269
2013-07-18T11-03-13.759  7.9329033,-4.137995,-0.9969269
2013-07-18T11-03-13.774  7.4347396,-4.023034,-0.767005
2013-07-18T11-03-13.776  6.9365754,-3.9463935,-0.34548157
2013-07-18T11-03-13.793  6.7066536,-3.8314326,-0.26884094
2013-07-18T11-03-13.794  6.5916924,-3.4865496,0.03772156
2013-07-18T11-03-13.809  6.515052,-3.52487,-0.15388
2013-07-18T11-03-13.811  6.476732,-3.3332684,-0.26884094
2013-07-18T11-03-13.825  6.515052,-2.9883857,-0.34548157
2013-07-18T11-03-13.827  6.515052,-2.6435027,-0.49876282
2013-07-18T11-03-13.829  6.515052,-2.911745,-0.72868466
2013-07-18T11-03-13.842  6.131849,-2.8351045,-0.42212218
2013-07-18T11-03-13.845  6.2084894,-2.8351045,-0.53708315
2013-07-18T11-03-13.859  6.32345,-3.141667,-1.1118878
2013-07-18T11-03-13.861  6.438411,-3.4482293,-1.38013
2013-07-18T11-03-13.874  6.783294,-3.6781511,-1.265169
2013-07-18T11-03-13.877  6.9365754,-3.5631902,-1.4184504
2013-07-18T11-03-13.891  6.898255,-3.5631902,-1.3418097
2013-07-18T11-03-13.893  6.9748955,-3.869753,-1.265169
2013-07-18T11-03-13.909  7.2048173,-3.869753,-1.1118878
2013-07-18T11-03-13.910  7.4347396,-3.8314326,-1.0735675
2013-07-18T11-03-13.925  7.626341,-4.1763153,-0.8053253
2013-07-18T11-03-13.927  7.51138,-4.4828777,-0.30716124
2013-07-18T11-03-13.942  8.0861845,-5.0576825,-0.07723938
2013-07-18T11-03-13.944  8.852591,-5.4408855,-0.11555969
2013-07-18T11-03-13.961  9.197474,-5.747448,-0.03891907
2013-07-18T11-03-13.962  9.92556,-5.8240886,-0.07723938
2013-07-18T11-03-13.979  10.347083,-6.3605733,0.22932312
2013-07-18T11-03-13.981  10.845247,-6.0540104,0.34428406
2013-07-18T11-03-13.982  11.26677,-6.207292,0.57420594
2013-07-18T11-03-13.997  11.956536,-6.3605733,0.4975653
2013-07-18T11-03-13.999  13.259427,-6.590495,0.11436218
2013-07-18T11-03-14.012  14.064154,-7.0886593,-5.987549E-4
2013-07-18T11-03-14.013  14.600637,-7.970026,0.11436218
2013-07-18T11-03-14.030  15.443685,-8.583151,0.61252624
2013-07-18T11-03-14.031  15.213763,-8.966354,1.07237
2013-07-18T11-03-14.047  15.137122,-9.6178,1.2639716
2013-07-18T11-03-14.048  15.290403,-10.001003,1.4172528
2013-07-18T11-03-14.064  15.175443,-10.039323,1.4938934
2013-07-18T11-03-14.065  15.060482,-9.886042,1.4938934
2013-07-18T11-03-14.082  15.060482,-9.73276,1.5322137
2013-07-18T11-03-14.084  13.949192,-9.081315,1.8387762
2013-07-18T11-03-14.099  13.412708,-8.046667,1.9154168
2013-07-18T11-03-14.100  12.799583,-7.20362,2.0686982
2013-07-18T11-03-14.112  12.1098175,-6.1689715,1.9537371
2013-07-18T11-03-14.113  11.305091,-5.747448,1.8387762
2013-07-18T11-03-14.128  11.15181,-4.8660808,1.9154168
2013-07-18T11-03-14.129  10.806927,-4.4828777,1.9154168
2013-07-18T11-03-14.134  10.615325,-4.214636,2.0303779
2013-07-18T11-03-14.146  10.347083,-3.754792,2.3752606
2013-07-18T11-03-14.149  10.0022,-3.6781511,2.183659
2013-07-18T11-03-14.163  9.848919,-3.3332684,1.9154168
2013-07-18T11-03-14.166  9.044192,-3.1033466,1.9154168
2013-07-18T11-03-14.179  8.66099,-2.7201433,1.4938934
2013-07-18T11-03-14.182  8.0861845,-2.29862,1.5705341
2013-07-18T11-03-14.196  7.243138,-1.8387762,1.4938934
2013-07-18T11-03-14.201  6.2468095,-1.1490107,1.4938934
2013-07-18T11-03-14.222  5.2504816,-0.38260436,1.6471747
2013-07-18T11-03-14.223  4.2541533,0.72868466,1.3022919
2013-07-18T11-03-14.234  3.5260675,1.38013,1.3022919
2013-07-18T11-03-14.235  3.2961457,1.9549347,1.1490107
2013-07-18T11-03-14.247  2.874622,2.3381379,0.7658075
2013-07-18T11-03-14.248  2.5680597,2.6830206,0.30596375
2013-07-18T11-03-14.264  2.0698957,2.7979815,0.30596375
2013-07-18T11-03-14.265  1.7250128,3.3727863,-0.11555969
2013-07-18T11-03-14.281  1.6483722,3.7559893,-0.53708315
2013-07-18T11-03-14.282  1.5334113,3.83263,-1.1502081
2013-07-18T11-03-14.286  1.265169,3.9475908,-1.3034893
2013-07-18T11-03-14.298  0.69036436,3.6793487,-1.38013
2013-07-18T11-03-14.302  0.15388,3.9475908,-0.88196594
2013-07-18T11-03-14.316  -0.53588563,3.5643878,-0.4604425
2013-07-18T11-03-14.318  -0.9957294,3.3727863,-0.07723938
2013-07-18T11-03-14.332  -1.6088544,3.2961457,0.4209247
2013-07-18T11-03-14.334  -1.8387762,3.0279036,0.65084654
2013-07-18T11-03-14.351  -1.8770965,2.5297394,0.65084654
2013-07-18T11-03-14.352  -1.8770965,2.3381379,0.30596375
2013-07-18T11-03-14.366  -1.4172528,2.1848567,-0.15388
2013-07-18T11-03-14.367  -0.8041278,1.8399738,-0.8053253
2013-07-18T11-03-14.383  -0.1910028,1.6100519,-1.3418097
2013-07-18T11-03-14.384  0.15388,1.4567707,-1.38013
2013-07-18T11-03-14.400  0.42212218,1.1118878,-1.7250128
2013-07-18T11-03-14.401  0.4604425,0.57540345,-1.7250128
2013-07-18T11-03-14.417  0.767005,0.03891907,-1.9549347
2013-07-18T11-03-14.418  1.38013,-0.34428406,-1.6866925
2013-07-18T11-03-14.434  2.0698957,-0.4209247,-1.993255
2013-07-18T11-03-14.435  2.9129424,-0.57420594,-2.3764582
2013-07-18T11-03-14.439  3.0279036,-1.07237,-2.4147785
2013-07-18T11-03-14.453  3.6410284,-1.6088544,-2.0315752
2013-07-18T11-03-14.455  4.2541533,-2.7967842,-1.8016534
2013-07-18T11-03-14.469  5.2504816,-3.869753,-1.9166144
2013-07-18T11-03-14.471  6.5916924,-5.2109637,-2.2614973
2013-07-18T11-03-14.486  8.699309,-6.207292,-2.3381379
2013-07-18T11-03-14.488  10.615325,-6.858737,-2.3764582
2013-07-18T11-03-14.502  11.879895,-6.7820964,-1.993255
2013-07-18T11-03-14.503  12.761263,-7.0886593,-1.8782941
2013-07-18T11-03-14.520  13.451029,-7.1653,-1.9166144
2013-07-18T11-03-14.521  13.795911,-7.5101824,-2.0698957
2013-07-18T11-03-14.536  14.447356,-8.008347,-1.8782941
2013-07-18T11-03-14.537  15.175443,-8.46819,-1.1885284
2013-07-18T11-03-14.555  15.788568,-9.311237,-0.61372375
2013-07-18T11-03-14.556  16.286732,-10.422526,-0.15388
2013-07-18T11-03-14.573  17.47466,-11.342214,0.07604187
2013-07-18T11-03-14.575  18.279388,-12.14694,0.8807684
2013-07-18T11-03-14.589  19.084114,-12.989987,1.2256513
2013-07-18T11-03-14.590  19.467318,-13.181589,1.8387762
2013-07-18T11-03-14.592  19.314035,-13.104948,2.2602997
2013-07-18T11-03-14.608  18.777552,-13.028308,3.2183075
2013-07-18T11-03-14.609  18.279388,-12.415182,3.5631902
2013-07-18T11-03-14.623  17.589622,-11.802057,3.8314326
2013-07-18T11-03-14.624  16.05681,-10.997331,4.4445577
2013-07-18T11-03-14.641  14.9072,-10.001003,4.981042
2013-07-18T11-03-14.642  13.910872,-9.157956,4.981042
2013-07-18T11-03-14.659  13.297748,-8.813073,5.364245
2013-07-18T11-03-14.660  12.722942,-8.39155,5.2876043
2013-07-18T11-03-14.677  12.378059,-8.123307,5.134323
2013-07-18T11-03-14.678  12.569661,-8.314909,4.75112
2013-07-18T11-03-14.692  12.4547,-8.42987,4.78944
2013-07-18T11-03-14.694  12.033176,-8.123307,5.019362
2013-07-18T11-03-14.705  11.496693,-7.4718623,4.406237
2013-07-18T11-03-14.706  10.538685,-6.1689715,3.9463935
2013-07-18T11-03-14.724  9.504036,-4.9427214,3.5631902
2013-07-18T11-03-14.725  8.431067,-3.52487,3.294948
2013-07-18T11-03-14.739  7.5497003,-2.6051824,3.141667
2013-07-18T11-03-14.740  6.859935,-1.8387762,2.9500654
2013-07-18T11-03-14.744  6.7066536,-1.685495,2.9500654
2013-07-18T11-03-14.756  6.3617706,-1.4172528,2.9883857
2013-07-18T11-03-14.760  5.940247,-1.07237,3.4865496
2013-07-18T11-03-14.773  5.8636065,-0.8041278,3.754792
2013-07-18T11-03-14.776  5.4420834,-0.34428406,3.5631902
2013-07-18T11-03-14.790  4.943919,5.987549E-4,3.294948
2013-07-18T11-03-14.792  4.330794,0.34548157,2.8734248
2013-07-18T11-03-14.807  3.5260675,1.0352472,2.29862
2013-07-18T11-03-14.808  2.60638,1.495091,2.2602997
2013-07-18T11-03-14.828  1.8782941,2.5680597,2.2219794
2013-07-18T11-03-14.830  1.5717316,3.1811848,2.0303779
2013-07-18T11-03-14.842  1.3034893,3.602708,1.4938934
2013-07-18T11-03-14.843  1.38013,4.062552,1.07237
2013-07-18T11-03-14.857  1.0352472,4.2541533,1.0340496
2013-07-18T11-03-14.858  0.767005,4.599036,1.2639716
2013-07-18T11-03-14.876  0.61372375,4.292474,1.4938934
2013-07-18T11-03-14.878  1.0735675,3.9092705,1.685495
2013-07-18T11-03-14.893  1.38013,3.219505,1.6088544
2013-07-18T11-03-14.894  1.7633331,2.4530988,1.187331
2013-07-18T11-03-14.897  1.8016534,1.6866925,1.1106904
2013-07-18T11-03-14.912  1.7633331,0.9969269,1.3406122
2013-07-18T11-03-14.913  1.9166144,0.4604425,1.2639716
2013-07-18T11-03-14.926  1.7633331,0.38380188,1.3406122
2013-07-18T11-03-14.929  1.8782941,0.34548157,0.8424481
2013-07-18T11-03-14.943  1.9549347,0.4604425,0.26764342
2013-07-18T11-03-14.945  1.9166144,0.72868466,-5.987549E-4
2013-07-18T11-03-14.960  1.993255,0.84364563,0.03772156
2013-07-18T11-03-14.961  2.223177,0.92028624,-5.987549E-4
2013-07-18T11-03-14.976  2.4530988,0.84364563,0.4975653
2013-07-18T11-03-14.978  2.5297394,0.92028624,0.57420594
2013-07-18T11-03-15.000  3.1428645,0.38380188,0.22932312
2013-07-18T11-03-15.007  3.6410284,-0.57420594,-0.65204406
2013-07-18T11-03-15.009  4.292474,-1.8004559,-1.6100519
2013-07-18T11-03-15.010  5.748646,-3.409909,-2.3764582
2013-07-18T11-03-15.027  6.8216143,-4.636159,-2.5297394
2013-07-18T11-03-15.028  7.626341,-5.019362,-2.6830206
2013-07-18T11-03-15.046  8.047864,-5.019362,-2.1848567
2013-07-18T11-03-15.048  8.009544,-4.636159,-1.7250128
2013-07-18T11-03-15.049  7.741302,-3.9463935,-1.1502081
2013-07-18T11-03-15.062  7.281458,-3.294948,-0.84364563
2013-07-18T11-03-15.065  7.051536,-2.7584639,-0.8053253
2013-07-18T11-03-15.080  6.859935,-2.4902215,-0.8053253
2013-07-18T11-03-15.081  7.281458,-3.1799872,-1.1885284
2013-07-18T11-03-15.095  8.124505,-5.1726437,-1.265169
2013-07-18T11-03-15.097  9.389075,-7.318581,-0.8053253
2013-07-18T11-03-15.115  10.730287,-8.774753,-0.30716124
2013-07-18T11-03-15.117  12.41638,-9.387877,-0.19220032
2013-07-18T11-03-15.129  13.68095,-9.387877,0.07604187
2013-07-18T11-03-15.131  14.83056,-9.311237,-0.15388
2013-07-18T11-03-15.152  15.252083,-9.081315,-0.30716124
2013-07-18T11-03-15.154  15.252083,-8.889713,-0.34548157
2013-07-18T11-03-15.155  15.367044,-8.621471,-0.19220032
2013-07-18T11-03-15.161  15.290403,-8.851394,0.38260436
2013-07-18T11-03-15.180  15.520326,-9.119636,0.7658075
2013-07-18T11-03-15.181  15.443685,-9.924362,1.5322137
2013-07-18T11-03-15.200  15.405364,-11.150612,2.681823
2013-07-18T11-03-15.201  15.558645,-11.9553385,3.7931123
2013-07-18T11-03-15.203  15.865208,-12.223581,4.0996747
2013-07-18T11-03-15.218  15.826888,-12.10862,4.2912765
2013-07-18T11-03-15.219  15.482005,-11.763737,4.6744795
2013-07-18T11-03-15.234  14.94552,-11.687097,4.6744795
2013-07-18T11-03-15.235  14.102474,-11.188932,4.78944
2013-07-18T11-03-15.252  13.182786,-10.575808,4.8660808
2013-07-18T11-03-15.253  12.33974,-10.4991665,5.6324873
2013-07-18T11-03-15.266  11.458372,-9.65612,6.0156903
2013-07-18T11-03-15.267  10.768606,-9.004675,7.0886593
2013-07-18T11-03-15.285  9.848919,-8.238269,7.318581
2013-07-18T11-03-15.286  9.197474,-7.586823,7.433542
2013-07-18T11-03-15.302  9.159153,-7.2419405,7.012018
2013-07-18T11-03-15.305  9.5423565,-6.9353776,6.437214
2013-07-18T11-03-15.323  9.733958,-6.3988934,6.3605733
2013-07-18T11-03-15.325  9.848919,-6.3988934,6.207292
2013-07-18T11-03-15.326  9.504036,-6.207292,6.3605733
2013-07-18T11-03-15.330  8.73763,-5.97737,6.5138545
2013-07-18T11-03-15.356  7.741302,-5.2876043,6.437214
2013-07-18T11-03-15.358  6.515052,-4.2912765,6.475534
2013-07-18T11-03-15.359  5.518724,-3.4865496,6.8970575
2013-07-18T11-03-15.362  4.6373568,-2.8734248,6.858737
2013-07-18T11-03-15.370  4.292474,-2.413581,7.3952217
2013-07-18T11-03-15.383  4.1391926,-2.2219794,7.356901
2013-07-18T11-03-15.387  4.0242314,-2.183659,7.2419405
2013-07-18T11-03-15.402  3.9859114,-1.8387762,6.7437763
2013-07-18T11-03-15.404  3.717669,-1.4938934,6.3988934
2013-07-18T11-03-15.421  3.4877472,-0.65084654,5.9390497
2013-07-18T11-03-15.423  3.1045442,0.03891907,5.747448
2013-07-18T11-03-15.442  2.6830206,0.88196594,5.2492843
2013-07-18T11-03-15.443  2.60638,1.5717316,4.75112
2013-07-18T11-03-15.445  1.993255,2.2998176,4.1763153
2013-07-18T11-03-15.450  1.6866925,2.7979815,4.023034
2013-07-18T11-03-15.474  1.993255,3.1811848,3.3332684
2013-07-18T11-03-15.476  1.9166144,3.1811848,2.5285418
2013-07-18T11-03-15.490  1.993255,2.7596612,1.4172528
2013-07-18T11-03-15.492  2.108216,2.9512627,0.7658075
2013-07-18T11-03-15.504  2.2998176,2.60638,0.26764342
2013-07-18T11-03-15.505  2.0315752,2.3381379,-0.23052064
2013-07-18T11-03-15.506  2.108216,1.993255,-0.84364563
2013-07-18T11-03-15.521  1.993255,1.495091,-1.3034893
2013-07-18T11-03-15.523  1.8399738,1.1118878,-1.9166144
2013-07-18T11-03-15.536  2.0698957,0.8053253,-3.0662239
2013-07-18T11-03-15.539  2.1848567,0.4604425,-3.717669
2013-07-18T11-03-15.553  1.6866925,0.26884094,-3.2578254
2013-07-18T11-03-15.555  1.9549347,0.07723938,-2.223177
2013-07-18T11-03-15.571  2.3764582,-0.07604187,-1.7633331
2013-07-18T11-03-15.572  2.9512627,-0.7274872,-1.6866925
2013-07-18T11-03-15.587  3.5260675,-1.7238153,-1.4184504
2013-07-18T11-03-15.588  4.7139974,-3.409909,-1.1885284
2013-07-18T11-03-15.605  5.940247,-4.75112,-1.38013
2013-07-18T11-03-15.606  6.7449737,-5.5558467,-1.5717316
2013-07-18T11-03-15.622  7.243138,-5.2492843,-2.4530988
2013-07-18T11-03-15.624  7.894583,-4.78944,-3.219505
2013-07-18T11-03-15.641  7.9329033,-4.4828777,-3.334466
2013-07-18T11-03-15.642  7.51138,-4.6744795,-3.717669
2013-07-18T11-03-15.644  7.3197784,-5.9390497,-4.215833
2013-07-18T11-03-15.659  8.162826,-7.4718623,-4.4074345
2013-07-18T11-03-15.660  10.193802,-8.506511,-4.2541533
2013-07-18T11-03-15.672  11.803255,-9.924362,-3.4111066
2013-07-18T11-03-15.675  13.374388,-10.805729,-3.1045442
2013-07-18T11-03-15.690  14.6772785,-11.342214,-3.7943096
2013-07-18T11-03-15.691  15.367044,-11.763737,-5.173841
2013-07-18T11-03-15.711  15.367044,-12.10862,-4.5223956
2013-07-18T11-03-15.712  15.558645,-12.185261,-3.3727863
2013-07-18T11-03-15.715  15.520326,-12.338542,-2.223177
2013-07-18T11-03-15.723  14.600637,-12.415182,-0.767005
2013-07-18T11-03-15.739  13.489348,-12.683425,1.3022919
2013-07-18T11-03-15.742  12.722942,-13.143269,3.026706
2013-07-18T11-03-15.760  12.1098175,-12.989987,4.8277607
2013-07-18T11-03-15.762  11.803255,-12.913346,6.0156903
2013-07-18T11-03-15.778  11.803255,-12.798386,6.475534
2013-07-18T11-03-15.784  11.305091,-12.300221,6.475534
2013-07-18T11-03-15.804  10.577005,-11.687097,6.7820964
2013-07-18T11-03-15.806  9.580677,-10.652448,7.318581
2013-07-18T11-03-15.808  8.584349,-9.311237,7.6634636
2013-07-18T11-03-15.809  7.358099,-7.8550653,7.586823
2013-07-18T11-03-15.812  6.515052,-6.0540104,6.7820964
2013-07-18T11-03-15.826  5.403763,-4.981042,5.97737
2013-07-18T11-03-15.828  4.330794,-4.061354,6.0156903
2013-07-18T11-03-15.843  3.8709502,-3.754792,6.3605733
2013-07-18T11-03-15.844  3.7943096,-3.6015105,7.318581
2013-07-18T11-03-15.862  4.4840755,-3.409909,7.8550653
2013-07-18T11-03-15.864  5.2888017,-3.1799872,7.8933854
2013-07-18T11-03-15.879  5.940247,-3.0650263,8.199948
2013-07-18T11-03-15.881  5.901927,-3.026706,7.701784
2013-07-18T11-03-15.897  5.901927,-3.2183075,7.318581
2013-07-18T11-03-15.899  6.476732,-3.2566278,5.2876043
2013-07-18T11-03-15.912  7.358099,-3.4865496,3.5631902
2013-07-18T11-03-15.913  7.6646614,-3.409909,2.6051824
2013-07-18T11-03-15.925  8.622669,-3.52487,2.2219794
2013-07-18T11-03-15.926  9.810598,-3.6398308,1.2256513
2013-07-18T11-03-15.944  11.036849,-3.9847138,0.4975653
2013-07-18T11-03-15.946  11.305091,-4.0996747,0.07604187
2013-07-18T11-03-15.962  11.649974,-4.367917,0.30596375
2013-07-18T11-03-15.964  11.803255,-4.367917,0.26764342
2013-07-18T11-03-15.966  11.726614,-4.5595183,0.03772156
2013-07-18T11-03-15.980  11.688294,-4.75112,-0.15388
2013-07-18T11-03-15.981  12.186459,-5.2876043,-0.65204406
2013-07-18T11-03-15.997  12.799583,-5.325925,-1.7633331
2013-07-18T11-03-16.001  13.64263,-5.2876043,-3.4111066
2013-07-18T11-03-16.014  13.910872,-5.479206,-4.5223956
2013-07-18T11-03-16.017  13.872552,-4.9044013,-5.403763
2013-07-18T11-03-16.037  13.527669,-4.1763153,-6.8216143
2013-07-18T11-03-16.039  12.722942,-3.52487,-7.779622
2013-07-18T11-03-16.040  12.071497,-3.1033466,-6.438411
2013-07-18T11-03-16.045  11.420052,-3.3332684,-4.215833
2013-07-18T11-03-16.069  10.730287,-3.141667,-2.4530988
2013-07-18T11-03-16.071  9.657317,-2.8351045,-0.84364563
2013-07-18T11-03-16.088  8.392747,-2.413581,0.34428406
2013-07-18T11-03-16.090  6.8216143,-1.6471747,1.4172528
2013-07-18T11-03-16.091  4.560716,-0.4209247,1.3406122
2013-07-18T11-03-16.093  2.6830206,0.84364563,1.7621356
2013-07-18T11-03-16.102  1.3418097,2.1465364,2.413581
2013-07-18T11-03-16.119  0.11555969,3.449427,2.7201433
2013-07-18T11-03-16.121  -0.61252624,4.4074345,3.1799872
2013-07-18T11-03-16.125  -1.3789325,5.557044,3.9463935
2013-07-18T11-03-16.133  -1.8004559,6.515052,4.6744795
2013-07-18T11-03-16.148  -2.29862,6.859935,5.479206
2013-07-18T11-03-16.149  -2.8351045,6.9748955,6.0156903
2013-07-18T11-03-16.164  -2.6435027,7.013216,6.437214
2013-07-18T11-03-16.165  -1.9154168,6.28513,5.9390497
2013-07-18T11-03-16.183  -1.4938934,5.1355205,5.2876043
2013-07-18T11-03-16.184  -1.4938934,3.83263,4.597839
2013-07-18T11-03-16.197  -1.2256513,2.6830206,3.8314326
2013-07-18T11-03-16.198  -1.8004559,1.6866925,3.6015105
2013-07-18T11-03-16.220  -2.2602997,1.0735675,3.1033466
2013-07-18T11-03-16.222  -2.183659,-0.11436218,1.07237
2013-07-18T11-03-16.223  -1.2639716,-1.07237,-1.4184504
2013-07-18T11-03-16.229  5.987549E-4,-2.2602997,-3.4877472
2013-07-18T11-03-16.246  1.2268487,-3.5631902,-4.330794
2013-07-18T11-03-16.248  2.4530988,-4.3295965,-4.445755
2013-07-18T11-03-16.254  3.9092705,-5.0960026,-4.1391926
2013-07-18T11-03-16.266  4.560716,-4.9044013,-3.6410284
2013-07-18T11-03-16.270  4.560716,-4.636159,-2.5680597
2013-07-18T11-03-16.285  4.215833,-3.6398308,-1.1118878
2013-07-18T11-03-16.288  2.9129424,-3.52487,-1.265169
2013-07-18T11-03-16.301  2.6447003,-4.7127995,-4.4074345
2013-07-18T11-03-16.303  3.602708,-6.6671357,-6.2468095
2013-07-18T11-03-16.322  5.557044,-9.426198,-5.5953646
2013-07-18T11-03-16.323  8.431067,-12.223581,-5.786966
2013-07-18T11-03-16.336  11.381732,-14.216237,-5.672005
2013-07-18T11-03-16.337  13.527669,-14.867682,-5.2888017
2013-07-18T11-03-16.353  13.910872,-14.484479,-5.212161
2013-07-18T11-03-16.354  13.872552,-14.024635,-4.7139974
2013-07-18T11-03-16.368  13.412708,-13.41151,-5.02056
2013-07-18T11-03-16.369  12.914544,-13.104948,-5.901927
2013-07-18T11-03-16.386  13.489348,-14.331198,-7.741302
2013-07-18T11-03-16.387  15.635286,-17.1669,-9.580677
2013-07-18T11-03-16.403  18.317709,-19.31284,-12.1098175
2013-07-18T11-03-16.405  19.543959,-19.581081,-15.175443
2013-07-18T11-03-16.406  19.543959,-19.581081,-16.13345
2013-07-18T11-03-16.421  19.543959,-19.581081,-15.750247
2013-07-18T11-03-16.422  19.543959,-19.581081,-16.593294
2013-07-18T11-03-16.435  18.432669,-19.581081,-15.673607
2013-07-18T11-03-16.438  13.106146,-19.581081,-10.691966
2013-07-18T11-03-16.454  6.400091,-19.581081,-1.7250128
2013-07-18T11-03-16.455  0.49876282,-19.581081,5.5941668
2013-07-18T11-03-16.470  -4.214636,-19.581081,11.2655735
2013-07-18T11-03-16.472  -6.5521746,-19.581081,16.553776
2013-07-18T11-03-16.487  -7.20362,-19.581081,19.581081
2013-07-18T11-03-16.488  -6.705456,-19.581081,19.581081
2013-07-18T11-03-16.504  -6.3988934,-15.78737,19.581081
2013-07-18T11-03-16.505  -6.3605733,-8.008347,19.581081
2013-07-18T11-03-16.522  -5.8240886,-1.9154168,19.274519
2013-07-18T11-03-16.524  -5.479206,1.1118878,12.989987
2013-07-18T11-03-16.545  -5.1726437,2.3381379,6.0540104
2013-07-18T11-03-16.547  -3.294948,1.6100519,4.023034
2013-07-18T11-03-16.548  -0.459245,-0.30596375,6.092331
2013-07-18T11-03-16.550  3.2578254,-3.2183075,10.614128
2013-07-18T11-03-16.586  6.2084894,-6.092331,14.177917
2013-07-18T11-03-16.592  8.507709,-7.8550653,14.791042
2013-07-18T11-03-16.593  9.197474,-7.8550653,14.676081
2013-07-18T11-03-16.594  8.852591,-7.012018,12.491823
2013-07-18T11-03-16.595  8.316107,-4.8660808,9.962683
2013-07-18T11-03-16.609  8.239466,-1.9920574,8.123307
2013-07-18T11-03-16.611  8.814271,0.767005,5.900729
2013-07-18T11-03-16.626  9.120833,3.5643878,4.252956
2013-07-18T11-03-16.627  9.427396,5.940247,2.7584639
2013-07-18T11-03-16.639  9.5423565,8.469388,0.65084654
2013-07-18T11-03-16.640  10.462044,10.845247,-2.3764582
2013-07-18T11-03-16.655  10.806927,12.033176,-6.2468095
2013-07-18T11-03-16.656  11.573333,13.412708,-12.186459
2013-07-18T11-03-16.677  12.186459,13.949192,-18.317709
2013-07-18T11-03-16.678  11.764935,13.987513,-19.543959
2013-07-18T11-03-16.690  11.879895,13.259427,-17.014818
2013-07-18T11-03-16.691  11.918216,11.611653,-12.607982
2013-07-18T11-03-16.712  12.799583,9.580677,-9.274115
2013-07-18T11-03-16.713  13.68095,7.51138,-7.7029815
2013-07-18T11-03-16.714  14.179114,5.1355205,-8.699309
2013-07-18T11-03-16.732  14.523997,3.2578254,-10.806927
2013-07-18T11-03-16.733  14.753919,1.7633331,-13.144466
2013-07-18T11-03-16.735  15.060482,1.3418097,-14.332396
2013-07-18T11-03-16.742  14.6772785,1.265169,-14.9072
2013-07-18T11-03-16.760  13.795911,1.4184504,-15.367044
2013-07-18T11-03-16.761  11.994857,1.1502081,-16.554974
2013-07-18T11-03-16.775  9.848919,0.4604425,-16.09513
2013-07-18T11-03-16.776  7.166497,-0.38260436,-12.837903
2013-07-18T11-03-16.793  4.675677,-0.9957294,-9.120833
2013-07-18T11-03-16.794  2.3381379,-1.4938934,-5.748646
2013-07-18T11-03-16.812  0.57540345,-2.2602997,-2.5680597
2013-07-18T11-03-16.814  -0.61252624,-2.8351045,-0.26884094
2013-07-18T11-03-16.827  -0.4975653,-3.026706,-0.03891907
2013-07-18T11-03-16.828  -0.4209247,-3.869753,-0.92028624
2013-07-18T11-03-16.842  -0.53588563,-4.597839,-0.69036436
2013-07-18T11-03-16.843  -0.68916684,-4.9427214,0.7274872
2013-07-18T11-03-16.858  -1.2639716,-5.4408855,2.183659
2013-07-18T11-03-16.859  -1.4938934,-6.1306515,3.6398308
2013-07-18T11-03-16.863  -2.413581,-6.3988934,4.9427214
2013-07-18T11-03-16.875  -3.2566278,-7.356901,5.6324873
2013-07-18T11-03-16.879  -3.6398308,-7.1653,6.5138545
2013-07-18T11-03-16.897  -3.6015105,-6.475534,6.9353776
2013-07-18T11-03-16.900  -3.4482293,-5.2492843,7.586823
2013-07-18T11-03-16.919  -3.4482293,-4.636159,8.39155
2013-07-18T11-03-16.921  -3.409909,-3.6781511,9.886042
2013-07-18T11-03-16.923  -3.2183075,-3.3715887,11.763737
2013-07-18T11-03-16.928  -2.7584639,-2.7201433,12.606784
2013-07-18T11-03-16.951  -2.9500654,-2.413581,13.679752
2013-07-18T11-03-16.953  -2.183659,-2.4902215,14.867682
2013-07-18T11-03-16.954  -1.07237,-2.7584639,14.982643
2013-07-18T11-03-16.960  -0.1526825,-2.8734248,14.752722
2013-07-18T11-03-16.979  0.767005,-2.9883857,14.139597
2013-07-18T11-03-16.980  1.6100519,-3.1033466,13.104948
2013-07-18T11-03-17.000  1.5717316,-2.6435027,12.223581
2013-07-18T11-03-17.002  1.7250128,-1.8770965,11.495495
2013-07-18T11-03-17.017  1.7633331,-1.1490107,11.073972
2013-07-18T11-03-17.019  2.0698957,-0.53588563,10.575808
2013-07-18T11-03-17.020  2.6447003,-0.11436218,10.307566
2013-07-18T11-03-17.024  3.5260675,0.34548157,9.196277
2013-07-18T11-03-17.032  4.4840755,0.88196594,7.356901
2013-07-18T11-03-17.048  5.518724,1.1118878,5.5558467
2013-07-18T11-03-17.049  6.3617706,1.4184504,4.214636
2013-07-18T11-03-17.062  7.051536,1.6100519,3.869753
2013-07-18T11-03-17.064  7.7029815,1.8782941,4.2912765
2013-07-18T11-03-17.082  8.469388,1.9549347,5.2492843
2013-07-18T11-03-17.083  9.159153,1.7633331,5.8240886
2013-07-18T11-03-17.103  9.772279,1.9549347,6.0156903
2013-07-18T11-03-17.104  9.504036,2.1465364,5.8240886
2013-07-18T11-03-17.105  9.810598,1.7250128,7.20362
2013-07-18T11-03-17.112  10.615325,0.4604425,8.851394
2013-07-18T11-03-17.130  10.883568,1.1502081,8.39155
2013-07-18T11-03-17.131  11.036849,1.495091,7.4718623
2013-07-18T11-03-17.150  10.9985285,1.8399738,7.0886593
2013-07-18T11-03-17.151  10.385404,1.4567707,7.356901
2013-07-18T11-03-17.167  10.347083,1.4184504,7.931706
2013-07-18T11-03-17.169  10.040521,1.265169,7.970026
2013-07-18T11-03-17.170  9.389075,1.3034893,8.123307
2013-07-18T11-03-17.182  9.120833,1.7633331,8.3532295
2013-07-18T11-03-17.184  8.814271,1.8399738,8.621471
2013-07-18T11-03-17.201  8.162826,1.9549347,9.157956
