2013-07-18T11-03-20.460  -2.8734248,-17.12858,7.1269794
2013-07-18T11-03-20.463  7.7029815,4.3691144,1.3022919
2013-07-18T11-03-20.468  7.779622,4.1391926,1.3789325
2013-07-18T11-03-20.475  7.6646614,4.1775126,1.4555731
2013-07-18T11-03-20.489  7.5497003,4.0242314,1.2256513
2013-07-18T11-03-20.492  7.8179426,3.9475908,0.8424481
2013-07-18T11-03-20.508  7.6646614,3.7943096,0.7658075
2013-07-18T11-03-20.511  7.971224,3.717669,1.5705341
2013-07-18T11-03-20.524  7.779622,3.7559893,-0.49876282
2013-07-18T11-03-20.526  7.9329033,3.5643878,1.8004559
2013-07-18T11-03-20.544  7.4347396,3.7559893,1.4172528
2013-07-18T11-03-20.547  7.281458,3.602708,0.1526825
2013-07-18T11-03-20.548  7.051536,3.9859114,2.0686982
2013-07-18T11-03-20.555  7.0898566,3.9475908,0.8041278
2013-07-18T11-03-20.574  7.0898566,4.1775126,0.4209247
2013-07-18T11-03-20.575  7.1281767,3.9859114,1.3406122
2013-07-18T11-03-20.590  7.0898566,3.6410284,0.1910028
2013-07-18T11-03-20.591  7.243138,3.3727863,0.8041278
2013-07-18T11-03-20.607  7.626341,3.2961457,1.07237
2013-07-18T11-03-20.608  7.396419,3.2961457,0.38260436
2013-07-18T11-03-20.624  7.51138,3.334466,0.9574091
2013-07-18T11-03-20.625  7.1281767,3.5260675,1.0340496
2013-07-18T11-03-20.627  6.9365754,3.7559893,0.68916684
2013-07-18T11-03-20.640  6.5533724,3.9092705,1.07237
2013-07-18T11-03-20.644  6.32345,4.215833,0.9957294
2013-07-18T11-03-20.657  6.0935283,4.4074345,0.8041278
2013-07-18T11-03-20.659  6.0935283,4.7523174,1.1490107
2013-07-18T11-03-20.674  5.672005,4.828958,0.8424481
2013-07-18T11-03-20.676  5.7103252,5.173841,0.7274872
2013-07-18T11-03-20.694  5.786966,5.173841,0.57420594
2013-07-18T11-03-20.696  5.940247,4.7523174,-5.987549E-4
2013-07-18T11-03-20.709  6.0935283,4.292474,0.1910028
2013-07-18T11-03-20.710  6.3617706,4.062552,0.30596375
2013-07-18T11-03-20.725  6.32345,4.0242314,0.07604187
2013-07-18T11-03-20.726  6.2084894,4.215833,0.30596375
2013-07-18T11-03-20.743  5.7103252,4.5223956,0.65084654
2013-07-18T11-03-20.744  5.786966,4.828958,0.53588563
2013-07-18T11-03-20.759  6.0168877,4.599036,0.4975653
2013-07-18T11-03-20.761  5.9785676,4.7139974,0.53588563
2013-07-18T11-03-20.781  6.0168877,4.7139974,0.57420594
2013-07-18T11-03-20.782  6.28513,4.675677,0.7274872
2013-07-18T11-03-20.783  6.438411,4.7139974,0.30596375
2013-07-18T11-03-20.795  6.438411,4.292474,0.53588563
2013-07-18T11-03-20.796  6.515052,4.215833,0.57420594
2013-07-18T11-03-20.808  6.898255,3.83263,0.1526825
2013-07-18T11-03-20.812  7.2048173,3.7559893,0.11436218
2013-07-18T11-03-20.826  7.626341,3.6793487,0.1910028
2013-07-18T11-03-20.827  7.779622,3.8709502,0.1526825
2013-07-18T11-03-20.843  7.741302,4.2541533,0.1910028
2013-07-18T11-03-20.844  7.396419,4.3691144,0.11436218
2013-07-18T11-03-20.860  7.4347396,4.4074345,0.11436218
2013-07-18T11-03-20.861  7.588021,4.560716,0.26764342
2013-07-18T11-03-20.878  7.588021,4.599036,0.1526825
2013-07-18T11-03-20.879  7.741302,4.790638,0.1910028
2013-07-18T11-03-20.894  8.047864,4.8672786,0.26764342
2013-07-18T11-03-20.896  8.124505,4.7523174,0.1526825
2013-07-18T11-03-20.912  8.124505,4.445755,0.34428406
2013-07-18T11-03-20.913  8.277786,4.1391926,0.22932312
2013-07-18T11-03-20.917  8.354427,4.215833,0.26764342
2013-07-18T11-03-20.929  8.699309,4.292474,0.459245
2013-07-18T11-03-20.934  8.77595,4.4840755,0.4975653
2013-07-18T11-03-20.946  8.73763,4.4840755,0.61252624
2013-07-18T11-03-20.948  8.66099,4.3691144,0.7274872
2013-07-18T11-03-20.962  8.431067,4.3691144,0.8807684
2013-07-18T11-03-20.964  8.584349,4.3691144,0.7658075
2013-07-18T11-03-20.979  8.584349,4.292474,0.68916684
2013-07-18T11-03-20.981  8.546028,4.5223956,0.9957294
2013-07-18T11-03-20.998  8.507709,4.3691144,0.8041278
2013-07-18T11-03-20.999  8.431067,4.330794,0.8424481
2013-07-18T11-03-21.014  8.584349,4.330794,0.7658075
2013-07-18T11-03-21.016  8.73763,4.1775126,0.26764342
2013-07-18T11-03-21.031  8.967552,4.2541533,0.53588563
2013-07-18T11-03-21.033  8.431067,3.9859114,0.4209247
2013-07-18T11-03-21.048  8.239466,4.330794,0.53588563
2013-07-18T11-03-21.050  8.201145,4.4074345,0.57420594
2013-07-18T11-03-21.065  8.0861845,4.330794,0.61252624
2013-07-18T11-03-21.067  8.162826,4.3691144,0.53588563
2013-07-18T11-03-21.070  8.047864,4.2541533,0.38260436
2013-07-18T11-03-21.083  8.124505,3.9475908,0.26764342
2013-07-18T11-03-21.085  8.507709,3.9475908,0.22932312
2013-07-18T11-03-21.099  8.354427,4.100872,0.30596375
2013-07-18T11-03-21.101  8.277786,3.8709502,0.1910028
2013-07-18T11-03-21.116  8.162826,3.9475908,0.4975653
2013-07-18T11-03-21.118  8.392747,3.9092705,0.4975653
2013-07-18T11-03-21.132  8.201145,4.0242314,0.7274872
2013-07-18T11-03-21.133  8.124505,3.9859114,0.65084654
2013-07-18T11-03-21.149  7.779622,4.1775126,0.7658075
2013-07-18T11-03-21.150  7.626341,4.3691144,0.57420594
2013-07-18T11-03-21.165  7.4730597,4.330794,0.7274872
2013-07-18T11-03-21.166  7.4730597,4.2541533,0.53588563
2013-07-18T11-03-21.184  7.5497003,3.8709502,0.65084654
2013-07-18T11-03-21.185  7.626341,3.83263,0.4975653
2013-07-18T11-03-21.200  7.8179426,3.449427,0.4209247
2013-07-18T11-03-21.201  7.7029815,3.5260675,0.30596375
2013-07-18T11-03-21.216  7.4347396,3.4111066,0.34428406
2013-07-18T11-03-21.219  7.4347396,3.8709502,0.53588563
2013-07-18T11-03-21.242  7.0898566,4.062552,0.459245
2013-07-18T11-03-21.246  6.9748955,4.1391926,0.7274872
2013-07-18T11-03-21.248  6.859935,4.2541533,0.65084654
2013-07-18T11-03-21.249  6.783294,4.330794,0.7658075
2013-07-18T11-03-21.253  6.668333,4.292474,0.68916684
2013-07-18T11-03-21.265  6.476732,4.5223956,0.8041278
2013-07-18T11-03-21.269  6.32345,4.445755,0.38260436
2013-07-18T11-03-21.285  6.2084894,4.599036,0.4209247
2013-07-18T11-03-21.287  6.28513,4.675677,0.03772156
2013-07-18T11-03-21.301  6.2468095,4.3691144,-0.07723938
2013-07-18T11-03-21.302  5.9785676,4.6373568,-0.26884094
2013-07-18T11-03-21.318  5.748646,4.675677,-0.23052064
2013-07-18T11-03-21.320  5.403763,4.330794,0.03772156
2013-07-18T11-03-21.337  5.2504816,4.4074345,-0.07723938
2013-07-18T11-03-21.338  4.8672786,4.330794,0.11436218
2013-07-18T11-03-21.354  4.6373568,4.215833,0.1526825
2013-07-18T11-03-21.355  4.292474,3.9475908,0.11436218
2013-07-18T11-03-21.371  4.215833,3.8709502,0.26764342
2013-07-18T11-03-21.372  4.4074345,3.6793487,0.1526825
2013-07-18T11-03-21.386  4.560716,3.4111066,0.34428406
2013-07-18T11-03-21.387  4.790638,3.5260675,0.459245
2013-07-18T11-03-21.390  4.8672786,3.4111066,0.68916684
2013-07-18T11-03-21.404  4.7139974,3.0662239,1.0340496
2013-07-18T11-03-21.406  4.445755,2.9512627,1.2639716
2013-07-18T11-03-21.419  4.5223956,2.7596612,1.1106904
2013-07-18T11-03-21.422  4.3691144,2.4147785,1.0340496
2013-07-18T11-03-21.436  4.100872,2.1465364,1.1106904
2013-07-18T11-03-21.438  4.4840755,1.5334113,0.68916684
2013-07-18T11-03-21.453  4.790638,1.5334113,0.22932312
2013-07-18T11-03-21.455  4.9822392,0.72868466,0.22932312
2013-07-18T11-03-21.470  5.672005,0.61372375,-0.23052064
2013-07-18T11-03-21.472  6.0168877,0.57540345,-0.26884094
2013-07-18T11-03-21.487  6.32345,0.72868466,-5.987549E-4
2013-07-18T11-03-21.489  5.9785676,0.88196594,0.61252624
2013-07-18T11-03-21.505  5.518724,0.72868466,0.8807684
2013-07-18T11-03-21.506  5.05888,0.88196594,1.1106904
2013-07-18T11-03-21.521  4.943919,1.1502081,1.2639716
2013-07-18T11-03-21.523  5.0972004,1.265169,1.1490107
2013-07-18T11-03-21.538  5.4804034,1.3418097,0.7658075
2013-07-18T11-03-21.539  5.9785676,0.88196594,0.22932312
2013-07-18T11-03-21.542  6.7449737,0.19220032,-0.26884094
2013-07-18T11-03-21.557  7.243138,-0.4975653,-0.53708315
2013-07-18T11-03-21.558  7.626341,-1.0340496,-0.84364563
2013-07-18T11-03-21.573  8.0861845,-2.1070185,-1.0352472
2013-07-18T11-03-21.575  8.0861845,-2.566862,-0.92028624
2013-07-18T11-03-21.591  7.8562627,-2.4902215,-0.84364563
2013-07-18T11-03-21.593  7.779622,-2.3752606,-0.11555969
2013-07-18T11-03-21.610  7.5497003,-1.8387762,0.65084654
2013-07-18T11-03-21.615  7.741302,-1.1106904,1.8004559
2013-07-18T11-03-21.628  8.239466,-0.7274872,1.8004559
2013-07-18T11-03-21.630  8.622669,-0.8424481,0.9574091
2013-07-18T11-03-21.643  9.312435,-1.3406122,-0.19220032
2013-07-18T11-03-21.644  10.078841,-1.685495,-1.1502081
2013-07-18T11-03-21.662  11.075169,-2.1070185,-2.223177
2013-07-18T11-03-21.664  11.994857,-3.026706,-3.4111066
2013-07-18T11-03-21.676  12.4547,-3.8314326,-3.5643878
2013-07-18T11-03-21.677  12.33974,-4.061354,-2.60638
2013-07-18T11-03-21.679  12.224778,-3.9463935,-0.95860654
2013-07-18T11-03-21.695  12.1098175,-3.754792,0.68916684
2013-07-18T11-03-21.697  12.4547,-3.1799872,1.07237
2013-07-18T11-03-21.709  12.224778,-3.1033466,0.9190887
2013-07-18T11-03-21.711  12.301419,-2.6435027,-0.07723938
2013-07-18T11-03-21.728  12.378059,-2.4902215,-0.72868466
2013-07-18T11-03-21.730  12.493021,-3.2183075,-0.69036436
2013-07-18T11-03-21.742  12.722942,-3.6781511,-0.61372375
2013-07-18T11-03-21.744  13.412708,-4.3295965,-0.38380188
2013-07-18T11-03-21.763  14.102474,-5.2492843,-0.34548157
2013-07-18T11-03-21.765  14.9072,-5.862409,-0.11555969
2013-07-18T11-03-21.789  15.213763,-6.092331,0.4209247
2013-07-18T11-03-21.791  15.443685,-6.207292,0.4975653
2013-07-18T11-03-21.792  15.098802,-5.8240886,0.459245
2013-07-18T11-03-21.794  14.294075,-5.6324873,0.11436218
2013-07-18T11-03-21.817  13.64263,-5.4408855,0.1910028
2013-07-18T11-03-21.819  12.991184,-5.517526,0.38260436
2013-07-18T11-03-21.820  12.684622,-5.517526,0.38260436
2013-07-18T11-03-21.824  12.569661,-5.364245,0.53588563
2013-07-18T11-03-21.831  12.263099,-5.0960026,0.8041278
2013-07-18T11-03-21.848  12.148138,-5.0576825,0.9190887
2013-07-18T11-03-21.850  11.688294,-5.1726437,1.187331
2013-07-18T11-03-21.863  11.420052,-5.4408855,1.3789325
2013-07-18T11-03-21.865  11.688294,-5.517526,1.5322137
2013-07-18T11-03-21.883  11.381732,-5.517526,1.4555731
2013-07-18T11-03-21.885  11.420052,-5.8240886,1.7238153
2013-07-18T11-03-21.888  10.806927,-5.4408855,1.5705341
2013-07-18T11-03-21.896  10.385404,-5.6708074,1.6471747
2013-07-18T11-03-21.912  10.232122,-5.5941668,1.4938934
2013-07-18T11-03-21.913  10.117161,-5.4025655,1.3022919
2013-07-18T11-03-21.935  9.733958,-5.2492843,1.1490107
2013-07-18T11-03-21.936  9.159153,-4.8660808,0.9190887
2013-07-18T11-03-21.938  9.159153,-4.597839,0.8424481
2013-07-18T11-03-21.944  8.814271,-4.137995,0.9957294
2013-07-18T11-03-21.962  8.277786,-3.6781511,1.4938934
2013-07-18T11-03-21.964  8.162826,-3.7931123,1.5705341
2013-07-18T11-03-21.981  8.009544,-3.7164717,1.4172528
2013-07-18T11-03-21.986  8.277786,-3.52487,1.187331
2013-07-18T11-03-21.987  8.507709,-3.2566278,1.1106904
2013-07-18T11-03-22.000  8.546028,-3.4482293,0.7658075
2013-07-18T11-03-22.006  8.392747,-3.409909,0.8424481
2013-07-18T11-03-22.031  8.239466,-3.4482293,0.8041278
2013-07-18T11-03-22.033  7.971224,-3.141667,0.7274872
2013-07-18T11-03-22.036  8.201145,-2.7584639,0.61252624
2013-07-18T11-03-22.038  8.354427,-2.6051824,0.26764342
2013-07-18T11-03-22.052  8.277786,-2.566862,0.03772156
2013-07-18T11-03-22.054  7.779622,-2.7201433,0.34428406
2013-07-18T11-03-22.067  7.894583,-2.911745,0.65084654
2013-07-18T11-03-22.068  7.7029815,-2.9883857,0.7274872
2013-07-18T11-03-22.082  7.741302,-3.294948,1.07237
2013-07-18T11-03-22.084  7.7029815,-3.3332684,1.1106904
2013-07-18T11-03-22.099  7.971224,-3.141667,1.0340496
2013-07-18T11-03-22.100  7.8179426,-2.9883857,0.8807684
2013-07-18T11-03-22.117  8.201145,-2.9883857,0.65084654
2013-07-18T11-03-22.119  7.779622,-3.1033466,0.65084654
2013-07-18T11-03-22.133  7.741302,-2.911745,0.65084654
2013-07-18T11-03-22.135  7.9329033,-2.8734248,0.65084654
2013-07-18T11-03-22.137  8.277786,-2.5285418,0.7274872
2013-07-18T11-03-22.151  8.277786,-2.413581,0.9957294
2013-07-18T11-03-22.153  8.277786,-2.6435027,0.8424481
2013-07-18T11-03-22.167  8.354427,-2.6051824,0.53588563
2013-07-18T11-03-22.169  8.316107,-2.8351045,0.53588563
2013-07-18T11-03-22.184  8.431067,-2.8734248,0.7658075
2013-07-18T11-03-22.186  8.469388,-3.2183075,0.9957294
2013-07-18T11-03-22.202  8.699309,-3.0650263,1.1106904
2013-07-18T11-03-22.204  8.584349,-3.409909,0.9190887
2013-07-18T11-03-22.220  8.77595,-3.409909,0.9190887
2013-07-18T11-03-22.223  8.507709,-3.6015105,0.9957294
2013-07-18T11-03-22.237  8.852591,-3.2566278,0.9574091
2013-07-18T11-03-22.239  8.77595,-3.2183075,0.8041278
2013-07-18T11-03-22.253  9.120833,-2.9500654,0.459245
2013-07-18T11-03-22.254  8.890911,-3.1033466,0.30596375
2013-07-18T11-03-22.269  9.350755,-2.9500654,-0.19220032
2013-07-18T11-03-22.270  9.312435,-3.1033466,-0.19220032
2013-07-18T11-03-22.286  9.350755,-3.52487,-0.26884094
2013-07-18T11-03-22.287  9.005872,-3.869753,0.22932312
2013-07-18T11-03-22.290  9.159153,-3.7931123,0.30596375
2013-07-18T11-03-22.303  8.852591,-3.7931123,0.68916684
2013-07-18T11-03-22.305  8.73763,-3.9463935,0.38260436
2013-07-18T11-03-22.322  8.431067,-3.5631902,0.4209247
2013-07-18T11-03-22.324  8.239466,-3.141667,0.26764342
2013-07-18T11-03-22.342  8.162826,-2.9500654,0.34428406
2013-07-18T11-03-22.344  8.162826,-2.8734248,0.34428406
2013-07-18T11-03-22.346  8.431067,-2.7201433,0.34428406
2013-07-18T11-03-22.353  8.73763,-2.911745,0.38260436
2013-07-18T11-03-22.371  8.73763,-3.2183075,0.57420594
2013-07-18T11-03-22.373  8.73763,-3.1799872,0.53588563
2013-07-18T11-03-22.388  8.967552,-3.3332684,0.459245
2013-07-18T11-03-22.390  9.044192,-3.1799872,0.57420594
2013-07-18T11-03-22.404  9.082513,-3.4865496,0.7274872
2013-07-18T11-03-22.405  9.389075,-3.4865496,0.8424481
2013-07-18T11-03-22.420  9.5423565,-3.294948,0.53588563
2013-07-18T11-03-22.421  9.312435,-3.1799872,0.65084654
2013-07-18T11-03-22.437  9.274115,-2.9883857,0.7658075
2013-07-18T11-03-22.438  9.5423565,-3.026706,0.57420594
2013-07-18T11-03-22.443  9.580677,-3.294948,0.68916684
2013-07-18T11-03-22.459  9.96388,-3.5631902,0.8807684
2013-07-18T11-03-22.461  10.078841,-3.6781511,1.1106904
2013-07-18T11-03-22.473  10.0022,-3.869753,1.0340496
2013-07-18T11-03-22.474  10.155481,-3.869753,1.187331
2013-07-18T11-03-22.488  10.0022,-3.8314326,1.2639716
2013-07-18T11-03-22.490  9.427396,-3.4482293,1.187331
2013-07-18T11-03-22.504  9.159153,-2.911745,1.2639716
2013-07-18T11-03-22.506  8.546028,-2.3752606,1.2256513
2013-07-18T11-03-22.522  8.469388,-2.1453388,1.1106904
2013-07-18T11-03-22.523  8.0861845,-1.8004559,1.2256513
2013-07-18T11-03-22.539  8.277786,-1.7621356,0.7274872
2013-07-18T11-03-22.540  8.507709,-1.9154168,0.8807684
2013-07-18T11-03-22.556  8.699309,-1.9920574,0.68916684
2013-07-18T11-03-22.557  8.277786,-2.2219794,0.53588563
2013-07-18T11-03-22.572  8.239466,-2.0303779,0.7658075
2013-07-18T11-03-22.574  7.588021,-1.9920574,1.1106904
2013-07-18T11-03-22.590  7.281458,-1.4172528,1.4938934
2013-07-18T11-03-22.591  7.1281767,-1.3022919,1.6471747
2013-07-18T11-03-22.594  6.9365754,-1.1490107,1.5322137
2013-07-18T11-03-22.607  7.3197784,-1.187331,1.3022919
2013-07-18T11-03-22.610  7.166497,-1.2639716,0.9190887
2013-07-18T11-03-22.624  7.396419,-1.2639716,0.61252624
2013-07-18T11-03-22.627  7.5497003,-1.8004559,0.1910028
2013-07-18T11-03-22.641  7.7029815,-1.7238153,-0.11555969
2013-07-18T11-03-22.643  7.6646614,-2.183659,0.11436218
2013-07-18T11-03-22.659  7.971224,-2.6435027,-0.03891907
2013-07-18T11-03-22.661  8.201145,-2.8351045,0.30596375
2013-07-18T11-03-22.676  8.124505,-2.8351045,0.7658075
2013-07-18T11-03-22.678  8.0861845,-2.9500654,1.1106904
2013-07-18T11-03-22.695  7.9329033,-3.2183075,1.6088544
2013-07-18T11-03-22.697  7.779622,-2.7967842,1.8770965
2013-07-18T11-03-22.709  7.741302,-2.7201433,1.9154168
2013-07-18T11-03-22.711  7.971224,-2.4902215,1.8770965
2013-07-18T11-03-22.727  8.162826,-2.7584639,1.1490107
2013-07-18T11-03-22.729  8.277786,-2.6051824,0.9190887
2013-07-18T11-03-22.742  8.622669,-2.8351045,0.57420594
2013-07-18T11-03-22.743  9.197474,-3.141667,0.03772156
2013-07-18T11-03-22.747  9.465716,-3.9080732,0.1910028
2013-07-18T11-03-22.763  9.848919,-4.406237,0.34428406
2013-07-18T11-03-22.765  10.347083,-4.8277607,0.8041278
2013-07-18T11-03-22.777  10.960208,-5.4408855,1.1106904
2013-07-18T11-03-22.779  11.649974,-5.8240886,1.4938934
2013-07-18T11-03-22.806  11.764935,-5.709128,1.7621356
2013-07-18T11-03-22.807  12.1098175,-5.517526,1.7621356
2013-07-18T11-03-22.808  12.033176,-5.1726437,1.5705341
2013-07-18T11-03-22.811  12.1098175,-5.0576825,1.4172528
2013-07-18T11-03-22.829  12.378059,-4.7127995,0.8807684
2013-07-18T11-03-22.830  12.991184,-4.597839,0.8807684
2013-07-18T11-03-22.849  13.489348,-4.981042,0.7658075
2013-07-18T11-03-22.852  13.834231,-5.1726437,1.0340496
2013-07-18T11-03-22.863  13.834231,-5.479206,1.6088544
2013-07-18T11-03-22.864  14.332396,-5.9390497,2.29862
2013-07-18T11-03-22.878  14.523997,-5.9390497,3.141667
2013-07-18T11-03-22.879  14.370716,-5.4408855,3.9463935
2013-07-18T11-03-22.898  13.719271,-5.019362,4.5595183
2013-07-18T11-03-22.901  13.451029,-4.5595183,4.78944
2013-07-18T11-03-22.902  12.837903,-4.137995,4.636159
2013-07-18T11-03-22.923  12.33974,-3.7931123,4.5211983
2013-07-18T11-03-22.925  11.956536,-3.1033466,4.4445577
2013-07-18T11-03-22.926  11.496693,-2.8734248,3.869753
2013-07-18T11-03-22.932  11.688294,-2.7584639,3.7164717
2013-07-18T11-03-22.947  11.688294,-2.8351045,3.4482293
2013-07-18T11-03-22.949  11.573333,-2.5285418,3.2566278
2013-07-18T11-03-22.964  11.535013,-2.183659,2.9500654
2013-07-18T11-03-22.966  11.26677,-1.7238153,2.9883857
2013-07-18T11-03-22.987  10.768606,-1.2256513,2.7584639
2013-07-18T11-03-22.989  10.462044,-1.1490107,2.183659
2013-07-18T11-03-22.990  9.887239,-0.8041278,1.4172528
2013-07-18T11-03-22.996  9.235794,-0.68916684,1.0340496
2013-07-18T11-03-23.018  8.814271,-0.53588563,0.4209247
2013-07-18T11-03-23.020  8.392747,-0.30596375,-0.03891907
2013-07-18T11-03-23.032  7.971224,5.987549E-4,-0.34548157
2013-07-18T11-03-23.033  7.741302,0.23052064,-0.767005
2013-07-18T11-03-23.049  7.166497,0.34548157,-1.1885284
2013-07-18T11-03-23.050  6.9365754,0.34548157,-1.5717316
2013-07-18T11-03-23.054  6.630013,0.19220032,-1.8782941
2013-07-18T11-03-23.065  6.055208,5.987549E-4,-1.9549347
2013-07-18T11-03-23.068  5.5953646,-0.34428406,-1.5717316
2013-07-18T11-03-23.085  5.1355205,-0.459245,-1.3418097
2013-07-18T11-03-23.088  4.330794,-0.11436218,-0.95860654
2013-07-18T11-03-23.100  3.7943096,0.15388,-0.88196594
2013-07-18T11-03-23.101  2.874622,0.42212218,-0.72868466
2013-07-18T11-03-23.119  2.3764582,0.92028624,-0.53708315
2013-07-18T11-03-23.122  1.6100519,1.1885284,-0.26884094
2013-07-18T11-03-23.139  0.92028624,2.0315752,-0.15388
2013-07-18T11-03-23.141  0.42212218,2.2614973,0.30596375
2013-07-18T11-03-23.142  -0.1910028,2.6447003,0.38260436
2013-07-18T11-03-23.148  -0.4209247,2.7979815,-5.987549E-4
2013-07-18T11-03-23.167  -0.459245,2.9512627,-0.23052064
2013-07-18T11-03-23.168  -0.7274872,2.874622,-0.57540345
2013-07-18T11-03-23.185  -0.61252624,2.5297394,-0.61372375
2013-07-18T11-03-23.187  -0.57420594,2.6447003,-0.72868466
2013-07-18T11-03-23.206  -0.61252624,2.4530988,-0.65204406
2013-07-18T11-03-23.208  -0.4975653,2.223177,-0.61372375
2013-07-18T11-03-23.209  -0.4975653,1.993255,-0.4604425
2013-07-18T11-03-23.213  -0.459245,1.8782941,-0.38380188
2013-07-18T11-03-23.220  -0.57420594,2.223177,-0.49876282
2013-07-18T11-03-23.234  -0.65084654,2.5297394,-0.61372375
2013-07-18T11-03-23.237  -0.61252624,2.4530988,-0.65204406
2013-07-18T11-03-23.252  -0.11436218,2.4147785,-0.65204406
2013-07-18T11-03-23.254  0.42212218,2.0315752,-0.84364563
2013-07-18T11-03-23.269  0.9969269,1.495091,-1.0352472
2013-07-18T11-03-23.271  1.7250128,0.95860654,-1.4184504
2013-07-18T11-03-23.285  2.4147785,0.11555969,-1.7250128
2013-07-18T11-03-23.286  3.219505,-0.30596375,-2.223177
2013-07-18T11-03-23.302  4.100872,-0.8041278,-2.3764582
2013-07-18T11-03-23.303  4.599036,-0.9574091,-2.5680597
2013-07-18T11-03-23.321  5.8636065,-1.3022919,-3.0662239
2013-07-18T11-03-23.322  6.438411,-1.0340496,-4.062552
2013-07-18T11-03-23.336  7.166497,-1.2639716,-4.1775126
2013-07-18T11-03-23.337  7.7029815,-1.5322137,-4.215833
2013-07-18T11-03-23.354  8.277786,-1.9154168,-3.9092705
2013-07-18T11-03-23.355  8.77595,-2.566862,-3.4877472
2013-07-18T11-03-23.359  9.618998,-3.026706,-2.3381379
2013-07-18T11-03-23.372  11.19013,-3.409909,-1.993255
2013-07-18T11-03-23.373  12.33974,-4.061354,-1.7633331
2013-07-18T11-03-23.387  13.451029,-4.4445577,-1.9549347
2013-07-18T11-03-23.389  14.485677,-4.636159,-1.8399738
2013-07-18T11-03-23.406  15.175443,-4.597839,-1.7633331
2013-07-18T11-03-23.408  15.903528,-4.75112,-1.1885284
2013-07-18T11-03-23.424  16.13345,-4.6744795,-0.88196594
2013-07-18T11-03-23.426  16.976498,-5.134323,-1.0735675
2013-07-18T11-03-23.442  17.742903,-6.0156903,-0.8053253
2013-07-18T11-03-23.444  18.432669,-6.973698,-0.95860654
2013-07-18T11-03-23.457  19.428997,-7.931706,-1.1502081
2013-07-18T11-03-23.458  19.543959,-8.123307,-0.84364563
2013-07-18T11-03-23.471  19.543959,-8.621471,0.03772156
2013-07-18T11-03-23.472  19.543959,-8.736432,1.1490107
2013-07-18T11-03-23.490  19.543959,-8.46819,2.0686982
2013-07-18T11-03-23.492  19.352356,-8.238269,2.8351045
2013-07-18T11-03-23.508  18.815872,-8.3532295,3.141667
2013-07-18T11-03-23.509  18.50931,-8.583151,3.2183075
2013-07-18T11-03-23.511  18.356028,-8.774753,3.5631902
2013-07-18T11-03-23.526  18.049465,-9.042995,3.52487
2013-07-18T11-03-23.527  17.704582,-9.157956,3.6781511
2013-07-18T11-03-23.540  16.784895,-9.272917,3.754792
2013-07-18T11-03-23.542  15.903528,-9.234596,4.023034
2013-07-18T11-03-23.559  14.83056,-9.042995,4.636159
2013-07-18T11-03-23.560  14.064154,-8.238269,4.981042
2013-07-18T11-03-23.587  12.991184,-7.740104,5.479206
2013-07-18T11-03-23.589  12.033176,-6.8970575,5.6708074
2013-07-18T11-03-23.590  11.036849,-5.9390497,5.364245
2013-07-18T11-03-23.591  10.232122,-4.9427214,5.134323
2013-07-18T11-03-23.611  9.504036,-4.252956,4.636159
2013-07-18T11-03-23.612  8.967552,-4.061354,4.1763153
2013-07-18T11-03-23.631  8.77595,-3.869753,3.52487
2013-07-18T11-03-23.632  8.66099,-4.3295965,3.4482293
2013-07-18T11-03-23.634  8.354427,-4.5595183,3.141667
2013-07-18T11-03-23.638  8.162826,-4.252956,3.409909
2013-07-18T11-03-23.646  8.047864,-3.754792,3.6398308
2013-07-18T11-03-23.664  7.358099,-3.294948,3.9847138
2013-07-18T11-03-23.666  6.783294,-2.8734248,3.9080732
2013-07-18T11-03-23.670  6.0935283,-2.3752606,3.6781511
2013-07-18T11-03-23.678  5.2888017,-1.5322137,3.7164717
2013-07-18T11-03-23.692  4.790638,-0.8424481,3.754792
2013-07-18T11-03-23.695  4.215833,-0.07604187,3.6781511
2013-07-18T11-03-23.709  3.4111066,0.07723938,3.6015105
2013-07-18T11-03-23.710  2.874622,0.49876282,3.9080732
2013-07-18T11-03-23.726  2.2614973,0.61372375,4.137995
2013-07-18T11-03-23.727  1.7250128,0.88196594,4.367917
2013-07-18T11-03-23.743  1.6100519,0.61372375,4.252956
2013-07-18T11-03-23.744  1.5717316,0.61372375,4.0996747
2013-07-18T11-03-23.762  1.6483722,0.53708315,3.9463935
2013-07-18T11-03-23.765  1.6483722,0.61372375,3.6015105
2013-07-18T11-03-23.779  1.5334113,0.49876282,3.3715887
2013-07-18T11-03-23.783  1.38013,0.38380188,3.2183075
2013-07-18T11-03-23.798  1.1885284,0.30716124,3.1799872
2013-07-18T11-03-23.801  0.767005,0.88196594,2.911745
2013-07-18T11-03-23.815  0.65204406,0.8053253,2.7967842
2013-07-18T11-03-23.817  0.34548157,1.265169,2.4519012
2013-07-18T11-03-23.818  0.30716124,1.0352472,2.183659
2013-07-18T11-03-23.835  -0.11436218,0.84364563,1.7238153
2013-07-18T11-03-23.836  -0.26764342,0.4604425,1.1490107
2013-07-18T11-03-23.839  -0.26764342,-0.03772156,0.1526825
2013-07-18T11-03-23.847  0.61372375,-0.9957294,-1.38013
2013-07-18T11-03-23.861  1.5334113,-1.7238153,-2.4147785
2013-07-18T11-03-23.863  2.108216,-1.9920574,-3.219505
2013-07-18T11-03-23.882  3.0662239,-2.2219794,-3.83263
2013-07-18T11-03-23.884  3.6410284,-2.566862,-3.6410284
2013-07-18T11-03-23.897  4.445755,-2.566862,-3.0279036
2013-07-18T11-03-23.899  5.05888,-2.6435027,-1.9549347
2013-07-18T11-03-23.916  5.1355205,-2.3752606,-1.7633331
2013-07-18T11-03-23.920  5.403763,-1.9537371,-2.1465364
2013-07-18T11-03-23.936  5.4420834,-1.8770965,-2.3381379
2013-07-18T11-03-23.937  5.3654423,-1.6471747,-2.1465364
2013-07-18T11-03-23.939  5.327122,-1.685495,-2.2998176
2013-07-18T11-03-23.943  5.2504816,-1.8770965,-2.6830206
2013-07-18T11-03-23.964  5.672005,-2.4519012,-2.989583
2013-07-18T11-03-23.966  6.7449737,-3.7164717,-3.449427
2013-07-18T11-03-23.969  7.779622,-4.2912765,-3.6410284
2013-07-18T11-03-23.985  8.507709,-4.367917,-3.717669
2013-07-18T11-03-23.987  9.197474,-4.406237,-3.5260675
2013-07-18T11-03-24.004  9.657317,-4.367917,-3.9859114
2013-07-18T11-03-24.006  9.96388,-4.252956,-3.9475908
2013-07-18T11-03-24.008  10.6536455,-4.5211983,-3.9475908
2013-07-18T11-03-24.016  11.458372,-5.1726437,-4.1775126
2013-07-18T11-03-24.034  12.1098175,-6.1306515,-4.0242314
2013-07-18T11-03-24.036  12.914544,-7.5101824,-3.602708
2013-07-18T11-03-24.051  14.600637,-9.042995,-3.7943096
2013-07-18T11-03-24.053  16.248411,-10.652448,-4.5223956
2013-07-18T11-03-24.074  18.202747,-11.687097,-4.5223956
2013-07-18T11-03-24.076  19.467318,-11.917019,-4.100872
2013-07-18T11-03-24.077  19.543959,-11.648776,-3.83263
2013-07-18T11-03-24.080  19.505638,-11.418855,-3.717669
2013-07-18T11-03-24.101  19.007473,-11.112292,-2.3381379
2013-07-18T11-03-24.104  18.087786,-10.690768,-0.767005
2013-07-18T11-03-24.106  17.28306,-10.614128,0.07604187
2013-07-18T11-03-24.125  17.014818,-10.1542845,1.187331
2013-07-18T11-03-24.127  16.899857,-10.192604,2.0303779
2013-07-18T11-03-24.129  16.861536,-10.269245,2.6051824
2013-07-18T11-03-24.136  16.938177,-10.039323,2.7201433
2013-07-18T11-03-24.157  17.091457,-9.8094015,2.3752606
2013-07-18T11-03-24.158  16.823215,-9.771081,1.7621356
2013-07-18T11-03-24.160  15.941849,-9.541159,2.0303779
2013-07-18T11-03-24.168  14.83056,-9.234596,2.413581
2013-07-18T11-03-24.183  13.719271,-8.276588,2.9883857
2013-07-18T11-03-24.185  12.41638,-7.701784,3.5631902
2013-07-18T11-03-24.202  11.305091,-7.012018,3.5631902
2013-07-18T11-03-24.204  10.155481,-6.245612,3.4865496
2013-07-18T11-03-24.219  9.695638,-5.5941668,3.6781511
2013-07-18T11-03-24.221  9.274115,-5.517526,3.6015105
2013-07-18T11-03-24.241  9.082513,-5.4025655,4.0996747
2013-07-18T11-03-24.243  8.967552,-5.4408855,4.7127995
2013-07-18T11-03-24.244  8.73763,-5.4025655,5.325925
2013-07-18T11-03-24.249  8.277786,-4.9044013,5.7857685
2013-07-18T11-03-24.274  7.8179426,-4.4828777,5.862409
2013-07-18T11-03-24.275  7.2048173,-3.9080732,5.862409
2013-07-18T11-03-24.277  6.438411,-3.0650263,5.5941668
2013-07-18T11-03-24.281  5.518724,-1.8770965,5.0576825
2013-07-18T11-03-24.289  4.599036,-1.0340496,4.6744795
2013-07-18T11-03-24.302  3.83263,-0.30596375,3.6398308
2013-07-18T11-03-24.305  2.9512627,-0.11436218,2.911745
2013-07-18T11-03-24.322  2.989583,0.07723938,2.2602997
2013-07-18T11-03-24.324  3.2961457,0.4604425,1.8770965
2013-07-18T11-03-24.339  3.9092705,0.61372375,1.2639716
2013-07-18T11-03-24.345  4.6373568,0.4604425,0.22932312
2013-07-18T11-03-24.359  5.2888017,0.30716124,-0.69036436
2013-07-18T11-03-24.362  5.901927,0.07723938,-1.7250128
2013-07-18T11-03-24.369  6.131849,-0.26764342,-2.0315752
2013-07-18T11-03-24.371  6.170169,-0.7274872,-2.1848567
2013-07-18T11-03-24.389  6.400091,-1.3022919,-2.3764582
2013-07-18T11-03-24.390  6.630013,-1.4938934,-3.1045442
2013-07-18T11-03-24.409  6.668333,-0.9957294,-3.9092705
2013-07-18T11-03-24.411  6.515052,-0.30596375,-4.828958
2013-07-18T11-03-24.412  6.630013,0.11555969,-5.518724
2013-07-18T11-03-24.430  6.2468095,0.19220032,-5.557044
2013-07-18T11-03-24.432  5.940247,0.42212218,-5.2504816
2013-07-18T11-03-24.434  6.055208,0.53708315,-5.4804034
2013-07-18T11-03-24.441  6.055208,0.23052064,-6.3617706
2013-07-18T11-03-24.461  6.131849,0.38380188,-6.7066536
2013-07-18T11-03-24.462  6.170169,0.38380188,-7.013216
2013-07-18T11-03-24.465  5.9785676,0.72868466,-6.8216143
2013-07-18T11-03-24.473  5.4804034,0.9969269,-6.0168877
2013-07-18T11-03-24.491  4.943919,0.9969269,-4.9055986
2013-07-18T11-03-24.493  4.560716,1.3418097,-4.2541533
2013-07-18T11-03-24.508  3.9475908,1.4184504,-3.334466
2013-07-18T11-03-24.509  3.334466,1.993255,-2.1848567
2013-07-18T11-03-24.524  2.8363018,2.5297394,-1.5334113
2013-07-18T11-03-24.526  2.3381379,3.2961457,-0.57540345
2013-07-18T11-03-24.541  1.4567707,3.717669,0.57420594
2013-07-18T11-03-24.543  0.69036436,4.560716,1.7621356
2013-07-18T11-03-24.558  -0.30596375,5.2504816,3.2566278
2013-07-18T11-03-24.560  -0.9190887,5.6336846,4.5211983
2013-07-18T11-03-24.577  -1.187331,6.0168877,5.325925
2013-07-18T11-03-24.580  -1.3789325,6.5533724,5.5941668
2013-07-18T11-03-24.581  -1.4172528,6.630013,5.6324873
2013-07-18T11-03-24.594  -0.9190887,6.515052,5.709128
2013-07-18T11-03-24.596  -0.1910028,6.131849,5.6708074
2013-07-18T11-03-24.616  0.57540345,5.4804034,6.3605733
2013-07-18T11-03-24.618  0.95860654,4.9822392,7.20362
2013-07-18T11-03-24.619  1.5717316,4.062552,7.5101824
2013-07-18T11-03-24.626  2.108216,3.83263,7.20362
2013-07-18T11-03-24.647  2.2998176,3.4111066,6.437214
2013-07-18T11-03-24.649  2.3764582,3.5260675,5.325925
2013-07-18T11-03-24.660  2.8363018,3.9475908,3.52487
2013-07-18T11-03-24.662  2.9512627,4.1775126,1.7621356
2013-07-18T11-03-24.675  3.602708,4.215833,0.30596375
2013-07-18T11-03-24.677  4.675677,3.9092705,-1.1118878
2013-07-18T11-03-24.693  5.403763,3.0279036,-2.6447003
2013-07-18T11-03-24.695  6.32345,2.6447003,-2.721341
2013-07-18T11-03-24.710  6.9748955,1.7633331,-2.491419
2013-07-18T11-03-24.712  7.779622,0.84364563,-2.5297394
2013-07-18T11-03-24.727  8.77595,0.49876282,-2.6447003
2013-07-18T11-03-24.728  9.733958,-0.53588563,-2.3764582
2013-07-18T11-03-24.732  10.155481,-1.7238153,-2.5297394
2013-07-18T11-03-24.746  11.343411,-3.1799872,-3.1045442
2013-07-18T11-03-24.748  12.569661,-4.636159,-4.445755
2013-07-18T11-03-24.766  13.60431,-6.3988934,-5.518724
2013-07-18T11-03-24.768  15.826888,-8.813073,-7.741302
2013-07-18T11-03-24.770  18.50931,-10.690768,-9.810598
2013-07-18T11-03-24.779  19.543959,-12.568463,-11.611653
2013-07-18T11-03-24.798  19.543959,-14.062956,-13.297748
2013-07-18T11-03-24.801  19.543959,-15.442487,-13.489348
2013-07-18T11-03-24.818  19.543959,-17.12858,-13.527669
2013-07-18T11-03-24.820  19.543959,-18.967957,-12.41638
2013-07-18T11-03-24.821  19.237396,-19.581081,-8.469388
2013-07-18T11-03-24.826  17.206419,-19.581081,-3.1428645
2013-07-18T11-03-24.851  14.983841,-19.581081,1.4172528
2013-07-18T11-03-24.853  13.182786,-18.508112,6.9353776
2013-07-18T11-03-24.874  11.611653,-14.944324,11.418855
2013-07-18T11-03-24.876  9.5423565,-9.541159,15.71073
2013-07-18T11-03-24.877  7.396419,-4.1763153,18.967957
2013-07-18T11-03-24.879  5.6336846,1.265169,16.822018
2013-07-18T11-03-24.883  5.403763,3.2578254,9.6178
2013-07-18T11-03-24.905  6.28513,1.7633331,2.8351045
2013-07-18T11-03-24.907  7.971224,-1.3789325,-1.0735675
2013-07-18T11-03-24.908  10.040521,-5.517526,-2.3764582
2013-07-18T11-03-24.915  13.259427,-10.652448,-1.38013
2013-07-18T11-03-24.933  14.86888,-14.599441,2.29862
2013-07-18T11-03-24.935  14.294075,-17.205221,7.4718623
2013-07-18T11-03-24.950  12.876224,-17.665066,11.418855
2013-07-18T11-03-24.952  11.113489,-16.898659,13.871354
2013-07-18T11-03-24.973  9.465716,-14.599441,14.714401
2013-07-18T11-03-24.974  7.8562627,-11.572136,15.212565
2013-07-18T11-03-24.976  6.630013,-8.238269,14.63776
2013-07-18T11-03-24.979  5.5953646,-5.709128,14.676081
2013-07-18T11-03-25.001  5.3654423,-3.869753,14.331198
2013-07-18T11-03-25.002  5.2888017,-3.141667,13.8330345
2013-07-18T11-03-25.018  5.748646,-2.4902215,12.798386
2013-07-18T11-03-25.020  6.3617706,-1.7621356,12.14694
2013-07-18T11-03-25.039  7.2048173,-1.685495,10.997331
2013-07-18T11-03-25.040  7.8179426,-1.685495,10.460847
2013-07-18T11-03-25.041  7.894583,-0.7658075,9.73276
2013-07-18T11-03-25.043  7.779622,-0.9190887,8.583151
2013-07-18T11-03-25.051  8.239466,-1.1106904,7.4718623
2013-07-18T11-03-25.064  8.66099,-1.6471747,6.5138545
2013-07-18T11-03-25.067  8.73763,-2.4519012,5.2492843
2013-07-18T11-03-25.081  9.810598,-3.7164717,2.8351045
2013-07-18T11-03-25.083  11.841576,-5.862409,-1.4184504
2013-07-18T11-03-25.098  13.987513,-7.931706,-5.02056
2013-07-18T11-03-25.100  16.17177,-9.73276,-7.4730597
2013-07-18T11-03-25.126  18.54763,-10.4991665,-9.120833
2013-07-18T11-03-25.128  19.543959,-10.690768,-11.228451
2013-07-18T11-03-25.129  19.543959,-9.311237,-10.921887
2013-07-18T11-03-25.132  19.505638,-8.199948,-10.385404
2013-07-18T11-03-25.157  18.892513,-7.1269794,-12.607982
2013-07-18T11-03-25.158  16.631615,-6.705456,-12.4547
2013-07-18T11-03-25.159  15.635286,-7.8933854,-10.6536455
2013-07-18T11-03-25.164  14.94552,-9.69444,-7.6646614
2013-07-18T11-03-25.172  13.949192,-10.959011,-3.3727863
2013-07-18T11-03-25.188  11.956536,-11.6104555,-0.34548157
2013-07-18T11-03-25.190  8.967552,-11.6104555,2.2219794
2013-07-18T11-03-25.203  5.7103252,-10.614128,4.367917
2013-07-18T11-03-25.204  2.5680597,-8.314909,5.747448
2013-07-18T11-03-25.217  -0.65084654,-5.325925,8.314909
2013-07-18T11-03-25.220  -4.0996747,-2.681823,10.269245
2013-07-18T11-03-25.238  -7.0886593,2.1465364,11.6104555
2013-07-18T11-03-25.240  -9.272917,7.6646614,10.422526
2013-07-18T11-03-25.256  -9.65612,12.876224,6.858737
2013-07-18T11-03-25.257  -9.426198,16.401693,3.4865496
2013-07-18T11-03-25.274  -8.42987,17.168098,2.911745
2013-07-18T11-03-25.276  -6.5138545,15.980169,4.75112
2013-07-18T11-03-25.288  -5.1726437,13.910872,6.8970575
2013-07-18T11-03-25.289  -4.214636,10.768606,8.506511
2013-07-18T11-03-25.305  -2.9500654,7.6646614,8.39155
2013-07-18T11-03-25.306  -1.8387762,4.215833,6.092331
2013-07-18T11-03-25.322  -1.07237,0.95860654,3.5631902
2013-07-18T11-03-25.324  -0.7274872,-1.5705341,1.7238153
2013-07-18T11-03-25.326  -0.26764342,-2.9883857,1.8004559
2013-07-18T11-03-25.337  0.23052064,-2.4902215,3.2183075
2013-07-18T11-03-25.340  0.42212218,-1.8387762,5.6324873
2013-07-18T11-03-25.352  0.38380188,-0.9190887,7.970026
2013-07-18T11-03-25.356  -0.1526825,0.23052064,9.502839
2013-07-18T11-03-25.369  -1.4555731,1.4184504,10.192604
2013-07-18T11-03-25.372  -2.413581,2.4530988,9.8094015
2013-07-18T11-03-25.389  -3.0650263,3.5260675,8.851394
2013-07-18T11-03-25.390  -3.52487,3.8709502,8.276588
2013-07-18T11-03-25.407  -2.7201433,4.0242314,8.928034
2013-07-18T11-03-25.408  -1.9920574,4.1775126,9.387877
2013-07-18T11-03-25.425  -0.9957294,4.330794,8.813073
2013-07-18T11-03-25.427  5.987549E-4,4.2541533,8.42987
2013-07-18T11-03-25.439  0.767005,3.83263,8.046667
2013-07-18T11-03-25.440  1.4184504,3.602708,7.6251435
2013-07-18T11-03-25.454  1.6866925,3.3727863,7.7784247
2013-07-18T11-03-25.455  1.9549347,3.449427,7.740104
2013-07-18T11-03-25.478  2.1465364,3.6793487,7.3952217
2013-07-18T11-03-25.479  2.223177,4.330794,7.0503387
2013-07-18T11-03-25.480  2.2998176,5.02056,6.0540104
2013-07-18T11-03-25.485  2.8363018,5.7103252,5.4025655
2013-07-18T11-03-25.493  3.6793487,5.6336846,5.2876043
2013-07-18T11-03-25.503  4.445755,5.403763,5.5558467
2013-07-18T11-03-25.509  5.2504816,5.327122,5.6324873
2013-07-18T11-03-25.522  5.786966,5.0972004,5.8240886
2013-07-18T11-03-25.525  5.901927,5.173841,5.7857685
2013-07-18T11-03-25.539  6.2084894,4.8672786,6.0156903
2013-07-18T11-03-25.541  5.9785676,4.560716,6.437214
2013-07-18T11-03-25.557  6.668333,4.8672786,6.820417
2013-07-18T11-03-25.558  6.668333,4.6373568,7.1269794
2013-07-18T11-03-25.574  7.013216,4.7523174,7.20362
2013-07-18T11-03-25.575  7.051536,4.790638,7.2802606
2013-07-18T11-03-25.591  7.0898566,4.8672786,6.858737
2013-07-18T11-03-25.592  6.7066536,5.02056,6.7437763
2013-07-18T11-03-25.609  6.5916924,4.9822392,6.8970575
2013-07-18T11-03-25.611  6.3617706,4.7139974,7.356901
2013-07-18T11-03-25.625  6.476732,4.560716,7.701784
2013-07-18T11-03-25.626  6.630013,4.1775126,8.046667
2013-07-18T11-03-25.630  6.7449737,4.215833,8.238269
2013-07-18T11-03-25.642  7.0898566,3.4111066,8.544831
2013-07-18T11-03-25.645  7.2048173,2.989583,8.813073
2013-07-18T11-03-25.662  7.243138,2.721341,9.081315
2013-07-18T11-03-25.663  7.2048173,2.6447003,9.196277
2013-07-18T11-03-25.676  6.7449737,2.5297394,9.234596
2013-07-18T11-03-25.678  6.7066536,2.2614973,8.736432
2013-07-18T11-03-25.698  6.32345,2.2614973,8.506511
2013-07-18T11-03-25.699  6.170169,2.1465364,8.314909
2013-07-18T11-03-25.711  6.055208,2.2614973,8.008347
2013-07-18T11-03-25.712  5.786966,2.491419,7.970026
2013-07-18T11-03-25.729  5.557044,2.491419,7.701784
2013-07-18T11-03-25.731  5.557044,2.4530988,7.740104
2013-07-18T11-03-25.747  5.3654423,2.721341,7.931706
2013-07-18T11-03-25.750  5.02056,2.9512627,8.276588
2013-07-18T11-03-25.761  4.7523174,2.7596612,8.889713
2013-07-18T11-03-25.763  4.1775126,3.1428645,9.234596
2013-07-18T11-03-25.781  4.1775126,3.1428645,9.042995
2013-07-18T11-03-25.783  3.6410284,3.334466,8.621471
2013-07-18T11-03-25.784  3.449427,3.4877472,7.740104
2013-07-18T11-03-25.795  2.5680597,3.7943096,6.973698
2013-07-18T11-03-25.798  2.4147785,3.9859114,6.820417
