2013-07-18T11-06-51.030  19.045794,-3.3332684,7.3952217
2013-07-18T11-06-51.032  8.507709,-1.685495,3.2566278
2013-07-18T11-06-51.062  8.546028,-1.9920574,3.2183075
2013-07-18T11-06-51.064  8.66099,-1.7621356,2.8734248
2013-07-18T11-06-51.066  8.77595,-2.1453388,3.1033466
2013-07-18T11-06-51.067  8.66099,-1.9154168,3.4865496
2013-07-18T11-06-51.073  8.507709,-1.8387762,3.1033466
2013-07-18T11-06-51.091  8.277786,-1.4555731,2.5285418
2013-07-18T11-06-51.093  8.316107,-1.3789325,4.7127995
2013-07-18T11-06-51.109  8.0861845,-1.3406122,2.4902215
2013-07-18T11-06-51.110  8.162826,-1.4555731,3.2183075
2013-07-18T11-06-51.124  8.469388,-1.3789325,4.0996747
2013-07-18T11-06-51.125  8.392747,-1.5705341,2.4902215
2013-07-18T11-06-51.139  8.546028,-1.685495,3.8314326
2013-07-18T11-06-51.141  8.047864,-1.3789325,3.5631902
2013-07-18T11-06-51.156  8.162826,-1.2256513,2.8734248
2013-07-18T11-06-51.158  8.162826,-1.2256513,3.9080732
2013-07-18T11-06-51.174  8.239466,-1.4938934,3.52487
2013-07-18T11-06-51.175  8.201145,-1.5322137,3.1799872
2013-07-18T11-06-51.178  8.277786,-1.2639716,4.252956
2013-07-18T11-06-51.193  8.162826,-1.1490107,3.0650263
2013-07-18T11-06-51.194  8.277786,-0.9957294,3.4482293
2013-07-18T11-06-51.206  8.354427,-1.2639716,3.754792
2013-07-18T11-06-51.209  8.431067,-1.4938934,2.9500654
2013-07-18T11-06-51.222  8.431067,-1.7621356,3.4482293
2013-07-18T11-06-51.224  8.622669,-2.183659,3.7164717
2013-07-18T11-06-51.240  8.622669,-2.1453388,3.3332684
2013-07-18T11-06-51.241  8.929232,-2.0686982,3.869753
2013-07-18T11-06-51.257  8.622669,-1.9537371,4.061354
2013-07-18T11-06-51.258  8.392747,-1.7238153,3.4482293
2013-07-18T11-06-51.274  8.354427,-1.3789325,3.7931123
2013-07-18T11-06-51.276  8.277786,-1.3022919,3.294948
2013-07-18T11-06-51.298  8.507709,-1.187331,3.1799872
2013-07-18T11-06-51.300  8.77595,-1.3022919,3.294948
2013-07-18T11-06-51.301  8.622669,-1.685495,2.911745
2013-07-18T11-06-51.305  8.66099,-1.9920574,3.1799872
2013-07-18T11-06-51.325  8.814271,-2.2219794,3.4482293
2013-07-18T11-06-51.327  8.929232,-2.4902215,3.5631902
2013-07-18T11-06-51.331  9.235794,-2.413581,3.7931123
2013-07-18T11-06-51.344  8.814271,-2.4902215,3.6015105
2013-07-18T11-06-51.348  8.73763,-2.183659,3.7164717
2013-07-18T11-06-51.361  8.622669,-1.8770965,3.754792
2013-07-18T11-06-51.362  8.354427,-1.6471747,4.023034
2013-07-18T11-06-51.378  8.546028,-1.3406122,4.1763153
2013-07-18T11-06-51.379  9.044192,-1.1490107,4.4445577
2013-07-18T11-06-51.396  9.159153,-1.1106904,4.2912765
2013-07-18T11-06-51.399  9.504036,-1.4555731,4.137995
2013-07-18T11-06-51.412  9.848919,-2.29862,4.0996747
2013-07-18T11-06-51.416  10.6536455,-2.681823,4.1763153
2013-07-18T11-06-51.432  10.9985285,-3.026706,4.2912765
2013-07-18T11-06-51.434  11.688294,-3.1799872,4.597839
2013-07-18T11-06-51.436  11.688294,-3.294948,4.7127995
2013-07-18T11-06-51.441  11.726614,-3.141667,4.75112
2013-07-18T11-06-51.467  11.535013,-2.7967842,4.636159
2013-07-18T11-06-51.468  11.15181,-2.2602997,4.6744795
2013-07-18T11-06-51.469  11.26677,-1.8387762,5.2109637
2013-07-18T11-06-51.473  11.19013,-1.4555731,5.0960026
2013-07-18T11-06-51.483  11.381732,-1.5705341,4.4828777
2013-07-18T11-06-51.501  11.381732,-1.4172528,3.9463935
2013-07-18T11-06-51.502  11.19013,-1.5322137,3.3715887
2013-07-18T11-06-51.505  10.9985285,-1.1490107,2.413581
2013-07-18T11-06-51.514  10.883568,-0.57420594,1.8387762
2013-07-18T11-06-51.532  10.730287,0.03891907,1.2639716
2013-07-18T11-06-51.534  10.462044,0.11555969,1.1106904
2013-07-18T11-06-51.548  10.117161,0.767005,0.68916684
2013-07-18T11-06-51.550  9.618998,1.3034893,0.34428406
2013-07-18T11-06-51.564  8.73763,1.8782941,0.1526825
2013-07-18T11-06-51.565  7.8179426,2.3381379,-0.4604425
2013-07-18T11-06-51.580  6.859935,3.449427,-0.8053253
2013-07-18T11-06-51.581  6.32345,4.292474,-1.3418097
2013-07-18T11-06-51.597  5.748646,5.173841,-1.5717316
2013-07-18T11-06-51.598  5.1355205,5.901927,-2.3381379
2013-07-18T11-06-51.614  5.02056,6.400091,-2.8363018
2013-07-18T11-06-51.616  4.4840755,6.783294,-3.1428645
2013-07-18T11-06-51.630  4.1775126,6.783294,-2.989583
2013-07-18T11-06-51.631  3.6793487,6.7449737,-2.721341
2013-07-18T11-06-51.634  3.2578254,6.668333,-2.223177
2013-07-18T11-06-51.650  2.6447003,6.668333,-1.6866925
2013-07-18T11-06-51.652  1.8399738,6.5916924,-1.4184504
2013-07-18T11-06-51.664  1.3418097,6.5916924,-1.4184504
2013-07-18T11-06-51.666  0.767005,6.2468095,-1.5717316
2013-07-18T11-06-51.680  0.07723938,6.131849,-1.3418097
2013-07-18T11-06-51.682  -0.61252624,5.4804034,-1.7633331
2013-07-18T11-06-51.700  -1.2639716,4.9822392,-2.5297394
2013-07-18T11-06-51.701  -1.4172528,4.6373568,-3.2578254
2013-07-18T11-06-51.716  -1.9154168,4.0242314,-3.9475908
2013-07-18T11-06-51.718  -2.1453388,3.2961457,-3.83263
2013-07-18T11-06-51.735  -2.7201433,2.4530988,-2.6830206
2013-07-18T11-06-51.738  -3.5631902,1.1118878,-1.3418097
2013-07-18T11-06-51.750  -4.636159,0.38380188,-0.07723938
2013-07-18T11-06-51.751  -5.747448,-0.30596375,1.07237
2013-07-18T11-06-51.768  -6.7437763,-1.3789325,1.2639716
2013-07-18T11-06-51.771  -7.5101824,-2.29862,1.3406122
2013-07-18T11-06-51.788  -7.931706,-4.75112,2.2602997
2013-07-18T11-06-51.789  -7.433542,-8.544831,3.869753
2013-07-18T11-06-51.790  -6.245612,-11.380534,5.747448
2013-07-18T11-06-51.801  -4.367917,-15.289206,7.0503387
2013-07-18T11-06-51.803  -1.4938934,-18.738033,7.8550653
2013-07-18T11-06-51.822  1.6100519,-19.581081,8.3532295
2013-07-18T11-06-51.824  4.2541533,-19.581081,9.042995
2013-07-18T11-06-51.841  5.672005,-19.581081,9.426198
2013-07-18T11-06-51.842  6.668333,-19.581081,9.042995
2013-07-18T11-06-51.854  6.055208,-19.581081,6.590495
2013-07-18T11-06-51.857  4.4840755,-19.581081,3.1033466
2013-07-18T11-06-51.869  3.449427,-19.581081,0.26764342
2013-07-18T11-06-51.871  3.5643878,-19.581081,-2.0315752
2013-07-18T11-06-51.885  4.1391926,-19.581081,-1.7633331
2013-07-18T11-06-51.886  5.901927,-19.581081,-1.4184504
2013-07-18T11-06-51.901  7.2048173,-19.581081,0.61252624
2013-07-18T11-06-51.902  7.5497003,-19.581081,2.4519012
2013-07-18T11-06-51.918  6.7066536,-19.581081,4.78944
2013-07-18T11-06-51.919  5.3654423,-19.236198,6.207292
2013-07-18T11-06-51.923  3.83263,-18.27819,5.325925
2013-07-18T11-06-51.935  1.993255,-17.05194,3.0650263
2013-07-18T11-06-51.939  0.92028624,-15.365847,0.459245
2013-07-18T11-06-51.955  1.0735675,-14.484479,-0.11555969
2013-07-18T11-06-51.957  2.0698957,-14.56112,0.9957294
2013-07-18T11-06-51.973  3.7943096,-15.174245,2.1453388
2013-07-18T11-06-51.975  5.8252864,-15.902331,3.294948
2013-07-18T11-06-51.989  7.051536,-15.864011,4.597839
2013-07-18T11-06-51.991  7.588021,-16.668737,5.325925
2013-07-18T11-06-52.006  7.3197784,-16.93698,5.709128
2013-07-18T11-06-52.008  6.438411,-16.9753,6.3988934
2013-07-18T11-06-52.025  5.2504816,-15.82569,6.973698
2013-07-18T11-06-52.027  3.7559893,-13.986316,6.207292
2013-07-18T11-06-52.028  2.2614973,-12.568463,4.137995
2013-07-18T11-06-52.035  1.495091,-11.495495,3.5631902
2013-07-18T11-06-52.056  1.5717316,-11.150612,4.9044013
2013-07-18T11-06-52.057  1.8016534,-10.997331,6.5138545
2013-07-18T11-06-52.075  3.5260675,-11.188932,8.123307
2013-07-18T11-06-52.076  4.7139974,-11.725417,8.123307
2013-07-18T11-06-52.077  5.8636065,-11.878698,8.659792
2013-07-18T11-06-52.092  6.515052,-12.261901,9.234596
2013-07-18T11-06-52.094  6.131849,-12.03198,9.349558
2013-07-18T11-06-52.110  5.05888,-11.457174,9.272917
2013-07-18T11-06-52.111  4.0242314,-10.4991665,9.464519
2013-07-18T11-06-52.115  2.3381379,-8.6981125,9.042995
2013-07-18T11-06-52.123  1.1118878,-6.3605733,8.506511
2013-07-18T11-06-52.141  0.53708315,-3.9463935,8.199948
2013-07-18T11-06-52.143  0.8053253,-3.026706,8.621471
2013-07-18T11-06-52.163  1.8782941,-2.7967842,9.272917
2013-07-18T11-06-52.164  3.0279036,-2.9883857,9.65612
2013-07-18T11-06-52.165  4.2541533,-3.409909,9.962683
2013-07-18T11-06-52.171  4.5223956,-3.294948,9.8094015
2013-07-18T11-06-52.193  4.790638,-2.8734248,9.426198
2013-07-18T11-06-52.196  4.1775126,-2.0303779,8.966354
2013-07-18T11-06-52.207  4.100872,-0.8807684,8.42987
2013-07-18T11-06-52.208  3.717669,-0.1526825,7.5101824
2013-07-18T11-06-52.225  3.1811848,0.72868466,7.012018
2013-07-18T11-06-52.227  2.7979815,1.5717316,6.475534
2013-07-18T11-06-52.229  2.5680597,2.1465364,6.628815
2013-07-18T11-06-52.245  2.6830206,2.108216,6.7437763
2013-07-18T11-06-52.247  3.2578254,2.0698957,6.590495
2013-07-18T11-06-52.258  3.7559893,2.223177,5.6708074
2013-07-18T11-06-52.260  3.6410284,2.9129424,4.9427214
2013-07-18T11-06-52.276  3.83263,3.6793487,4.214636
2013-07-18T11-06-52.277  3.7943096,4.215833,3.3715887
2013-07-18T11-06-52.291  3.83263,4.3691144,2.6051824
2013-07-18T11-06-52.293  3.449427,4.330794,2.5285418
2013-07-18T11-06-52.311  3.4111066,4.599036,3.1033466
2013-07-18T11-06-52.313  3.1811848,5.212161,3.6015105
2013-07-18T11-06-52.328  3.219505,5.672005,3.4482293
2013-07-18T11-06-52.330  3.219505,6.131849,2.7584639
2013-07-18T11-06-52.343  3.1428645,6.400091,2.4902215
2013-07-18T11-06-52.344  3.1428645,6.630013,1.685495
2013-07-18T11-06-52.359  3.1428645,6.630013,0.9957294
2013-07-18T11-06-52.361  3.0662239,6.783294,0.57420594
2013-07-18T11-06-52.376  3.449427,6.515052,0.57420594
2013-07-18T11-06-52.377  3.449427,5.940247,0.61252624
2013-07-18T11-06-52.380  3.602708,5.748646,0.459245
2013-07-18T11-06-52.393  3.83263,5.4804034,0.38260436
2013-07-18T11-06-52.396  3.8709502,4.9822392,0.1910028
2013-07-18T11-06-52.410  3.8709502,4.215833,-0.23052064
2013-07-18T11-06-52.412  3.7943096,3.449427,-0.42212218
2013-07-18T11-06-52.426  3.7943096,3.334466,-0.8053253
2013-07-18T11-06-52.428  3.7559893,2.9512627,-1.0735675
2013-07-18T11-06-52.444  3.83263,3.2961457,-1.1885284
2013-07-18T11-06-52.445  3.8709502,3.602708,-1.265169
2013-07-18T11-06-52.461  3.9859114,3.6410284,-1.265169
2013-07-18T11-06-52.462  3.9475908,4.100872,-1.1118878
2013-07-18T11-06-52.478  3.9859114,4.4074345,-1.1502081
2013-07-18T11-06-52.479  4.330794,3.449427,-1.38013
2013-07-18T11-06-52.497  4.943919,2.4530988,-1.8399738
2013-07-18T11-06-52.498  5.901927,0.72868466,-2.3381379
2013-07-18T11-06-52.512  6.28513,-1.0340496,-2.3381379
2013-07-18T11-06-52.513  6.630013,-2.1070185,-3.449427
2013-07-18T11-06-52.529  7.1281767,-2.566862,-4.3691144
2013-07-18T11-06-52.530  7.8562627,-2.681823,-4.790638
2013-07-18T11-06-52.533  7.779622,-2.183659,-4.6373568
2013-07-18T11-06-52.546  7.588021,-1.187331,-4.330794
2013-07-18T11-06-52.549  7.3197784,-0.22932312,-4.215833
2013-07-18T11-06-52.565  6.783294,0.53708315,-3.717669
2013-07-18T11-06-52.567  6.515052,0.767005,-2.9129424
2013-07-18T11-06-52.580  6.783294,0.61372375,-1.9166144
2013-07-18T11-06-52.581  6.783294,-0.30596375,-1.5717316
2013-07-18T11-06-52.607  7.166497,-1.4172528,-1.3034893
2013-07-18T11-06-52.610  7.0898566,-2.7201433,-0.88196594
2013-07-18T11-06-52.621  7.3197784,-3.1799872,-0.69036436
2013-07-18T11-06-52.623  7.4347396,-3.6015105,-0.69036436
2013-07-18T11-06-52.633  7.6646614,-3.409909,-0.767005
2013-07-18T11-06-52.636  8.009544,-2.9883857,-1.265169
2013-07-18T11-06-52.648  8.047864,-2.9883857,-2.0315752
2013-07-18T11-06-52.649  8.047864,-2.6051824,-2.5297394
2013-07-18T11-06-52.664  7.6646614,-2.2219794,-2.4147785
2013-07-18T11-06-52.665  7.3197784,-1.685495,-1.8016534
2013-07-18T11-06-52.682  6.859935,-1.5705341,-1.3418097
2013-07-18T11-06-52.683  6.438411,-1.07237,-0.69036436
2013-07-18T11-06-52.685  6.0935283,-1.187331,0.11436218
2013-07-18T11-06-52.698  6.0168877,-1.8387762,0.459245
2013-07-18T11-06-52.701  6.131849,-2.8734248,0.38260436
2013-07-18T11-06-52.714  6.7449737,-3.9463935,0.34428406
2013-07-18T11-06-52.717  7.4347396,-5.2492843,-0.53708315
2013-07-18T11-06-52.733  8.277786,-5.8240886,-1.7250128
2013-07-18T11-06-52.734  8.66099,-6.2839327,-3.5643878
2013-07-18T11-06-52.750  9.159153,-6.3222528,-4.6373568
2013-07-18T11-06-52.751  8.967552,-6.1306515,-4.3691144
2013-07-18T11-06-52.773  8.77595,-5.7857685,-3.717669
2013-07-18T11-06-52.774  8.73763,-5.4408855,-2.5680597
2013-07-18T11-06-52.775  8.201145,-5.1726437,-1.5717316
2013-07-18T11-06-52.782  7.281458,-5.97737,-0.61372375
2013-07-18T11-06-52.799  7.2048173,-7.2802606,0.07604187
2013-07-18T11-06-52.801  7.9329033,-8.6981125,-0.11555969
2013-07-18T11-06-52.817  9.082513,-10.4991665,-0.767005
2013-07-18T11-06-52.818  10.270443,-11.112292,-1.7250128
2013-07-18T11-06-52.834  11.611653,-11.380534,-2.874622
2013-07-18T11-06-52.835  12.263099,-10.767409,-3.9092705
2013-07-18T11-06-52.837  12.761263,-10.384206,-3.9859114
2013-07-18T11-06-52.854  13.182786,-10.4991665,-3.6410284
2013-07-18T11-06-52.856  13.029505,-10.690768,-2.491419
2013-07-18T11-06-52.876  12.952865,-10.805729,-0.95860654
2013-07-18T11-06-52.878  13.029505,-10.920691,-0.15388
2013-07-18T11-06-52.879  13.067825,-11.763737,0.8807684
2013-07-18T11-06-52.885  13.336067,-12.645104,1.9920574
2013-07-18T11-06-52.906  13.60431,-13.33487,2.3369403
2013-07-18T11-06-52.908  13.527669,-13.909675,2.7584639
2013-07-18T11-06-52.924  13.489348,-14.446159,3.0650263
2013-07-18T11-06-52.925  13.144466,-14.177917,3.2183075
2013-07-18T11-06-52.938  12.607982,-13.679752,2.9883857
2013-07-18T11-06-52.939  11.994857,-12.760065,3.4482293
2013-07-18T11-06-52.951  10.883568,-12.03198,4.1763153
2013-07-18T11-06-52.952  9.96388,-10.460847,5.019362
2013-07-18T11-06-52.968  9.082513,-8.966354,5.6324873
2013-07-18T11-06-52.969  8.507709,-8.123307,6.0540104
2013-07-18T11-06-52.974  8.622669,-7.356901,6.6671357
2013-07-18T11-06-52.992  8.507709,-6.7820964,7.1653
2013-07-18T11-06-52.993  8.469388,-6.1689715,7.0503387
2013-07-18T11-06-53.008  8.392747,-5.5558467,7.0503387
2013-07-18T11-06-53.009  8.047864,-5.2492843,7.012018
2013-07-18T11-06-53.023  7.7029815,-4.75112,7.0503387
2013-07-18T11-06-53.024  7.2048173,-4.1763153,6.973698
2013-07-18T11-06-53.036  7.051536,-3.6781511,6.5138545
2013-07-18T11-06-53.038  6.8216143,-2.9883857,6.245612
2013-07-18T11-06-53.053  6.400091,-2.5285418,5.8240886
2013-07-18T11-06-53.055  5.8252864,-1.6471747,5.364245
2013-07-18T11-06-53.071  5.212161,-0.57420594,4.981042
2013-07-18T11-06-53.072  4.4840755,0.34548157,4.3295965
2013-07-18T11-06-53.091  4.100872,1.6100519,3.5631902
2013-07-18T11-06-53.092  3.8709502,2.4530988,2.8351045
2013-07-18T11-06-53.105  3.9475908,3.4111066,2.3369403
2013-07-18T11-06-53.106  4.1775126,3.449427,1.8387762
2013-07-18T11-06-53.121  4.2541533,3.6410284,1.2639716
2013-07-18T11-06-53.123  4.4074345,3.6410284,0.61252624
2013-07-18T11-06-53.126  3.6410284,3.8709502,0.11436218
2013-07-18T11-06-53.139  3.2961457,4.4074345,-0.26884094
2013-07-18T11-06-53.142  2.7979815,4.599036,-0.65204406
2013-07-18T11-06-53.156  2.5680597,4.9055986,-1.1118878
2013-07-18T11-06-53.158  2.0698957,4.560716,-1.265169
2013-07-18T11-06-53.172  2.0698957,3.7559893,-2.108216
2013-07-18T11-06-53.174  2.0698957,2.5297394,-2.4530988
2013-07-18T11-06-53.192  2.989583,0.767005,-2.3764582
2013-07-18T11-06-53.193  3.7559893,-0.61252624,-2.108216
2013-07-18T11-06-53.206  4.4840755,-1.5322137,-1.9166144
2013-07-18T11-06-53.207  5.02056,-1.8004559,-1.495091
2013-07-18T11-06-53.223  5.05888,-1.6088544,-0.95860654
2013-07-18T11-06-53.224  5.05888,-1.2256513,-1.1502081
2013-07-18T11-06-53.240  4.599036,-1.5705341,-1.38013
2013-07-18T11-06-53.241  3.7559893,-1.8770965,-1.1118878
2013-07-18T11-06-53.257  3.2578254,-3.1799872,-1.3418097
2013-07-18T11-06-53.258  3.4111066,-4.7127995,-1.2268487
2013-07-18T11-06-53.274  4.330794,-5.7857685,-0.767005
2013-07-18T11-06-53.275  5.2888017,-6.3988934,-0.11555969
2013-07-18T11-06-53.280  6.0935283,-6.705456,0.30596375
2013-07-18T11-06-53.292  6.859935,-6.8970575,0.7658075
2013-07-18T11-06-53.295  7.396419,-6.475534,0.9957294
2013-07-18T11-06-53.309  7.779622,-6.092331,1.4172528
2013-07-18T11-06-53.311  8.047864,-5.479206,1.8387762
2013-07-18T11-06-53.326  8.431067,-5.2492843,1.4938934
2013-07-18T11-06-53.327  8.699309,-4.78944,0.8807684
2013-07-18T11-06-53.342  8.622669,-4.4828777,0.11436218
2013-07-18T11-06-53.343  7.8562627,-4.367917,0.11436218
2013-07-18T11-06-53.359  7.0898566,-3.9847138,0.22932312
2013-07-18T11-06-53.360  6.7449737,-3.9463935,0.4209247
2013-07-18T11-06-53.378  6.476732,-4.1763153,0.68916684
2013-07-18T11-06-53.380  6.630013,-4.252956,0.8807684
2013-07-18T11-06-53.393  6.5533724,-4.8660808,0.7658075
2013-07-18T11-06-53.394  6.8216143,-5.2492843,0.26764342
2013-07-18T11-06-53.413  6.898255,-5.325925,-0.11555969
2013-07-18T11-06-53.416  7.4347396,-5.709128,-0.30716124
2013-07-18T11-06-53.417  8.507709,-6.5138545,-0.88196594
2013-07-18T11-06-53.428  9.96388,-8.238269,-1.38013
2013-07-18T11-06-53.431  11.305091,-11.227253,-0.26884094
2013-07-18T11-06-53.445  12.761263,-13.488152,1.2256513
2013-07-18T11-06-53.447  13.910872,-15.059284,2.7201433
2013-07-18T11-06-53.463  14.102474,-15.74905,4.0996747
2013-07-18T11-06-53.465  14.025833,-15.595768,5.325925
2013-07-18T11-06-53.481  13.221107,-15.059284,5.6708074
2013-07-18T11-06-53.482  11.879895,-13.871354,5.4408855
2013-07-18T11-06-53.501  10.730287,-13.219909,5.5558467
2013-07-18T11-06-53.502  10.232122,-12.338542,6.0540104
2013-07-18T11-06-53.503  10.462044,-12.03198,6.5521746
2013-07-18T11-06-53.511  11.15181,-12.338542,6.5521746
2013-07-18T11-06-53.532  11.841576,-12.913346,6.3988934
2013-07-18T11-06-53.534  12.186459,-12.951667,6.0540104
2013-07-18T11-06-53.547  12.071497,-13.028308,5.709128
2013-07-18T11-06-53.548  11.381732,-12.683425,5.2492843
2013-07-18T11-06-53.565  10.385404,-12.0703,4.981042
2013-07-18T11-06-53.566  9.389075,-11.150612,4.5595183
2013-07-18T11-06-53.567  8.546028,-9.6178,4.023034
2013-07-18T11-06-53.583  7.8562627,-8.199948,3.8314326
2013-07-18T11-06-53.585  7.396419,-6.1306515,3.3332684
2013-07-18T11-06-53.596  7.166497,-4.8660808,3.1799872
2013-07-18T11-06-53.599  6.898255,-3.1799872,2.6051824
2013-07-18T11-06-53.612  6.898255,-2.0303779,2.1453388
2013-07-18T11-06-53.615  6.9365754,-1.4555731,2.2602997
2013-07-18T11-06-53.632  7.396419,-1.2256513,2.0303779
2013-07-18T11-06-53.633  7.9329033,-1.3406122,1.4938934
2013-07-18T11-06-53.646  8.047864,-1.4555731,1.2639716
2013-07-18T11-06-53.647  7.779622,-1.0340496,1.187331
2013-07-18T11-06-53.667  7.5497003,-0.4975653,1.2256513
2013-07-18T11-06-53.669  7.358099,-0.11436218,0.9957294
2013-07-18T11-06-53.682  6.8216143,0.8053253,0.57420594
2013-07-18T11-06-53.683  6.400091,1.7250128,-5.987549E-4
2013-07-18T11-06-53.698  5.212161,2.874622,-0.42212218
2013-07-18T11-06-53.700  4.6373568,4.215833,-1.0735675
2013-07-18T11-06-53.715  3.9092705,5.8636065,-1.1885284
2013-07-18T11-06-53.717  3.6410284,6.898255,-1.4567707
2013-07-18T11-06-53.720  3.9475908,7.779622,-1.3418097
2013-07-18T11-06-53.733  4.1775126,7.6646614,-1.4567707
2013-07-18T11-06-53.736  4.1391926,7.741302,-1.8399738
2013-07-18T11-06-53.749  4.0242314,7.9329033,-2.1465364
2013-07-18T11-06-53.752  3.7943096,7.894583,-2.0315752
2013-07-18T11-06-53.765  3.334466,7.971224,-1.7250128
2013-07-18T11-06-53.768  2.6447003,7.9329033,-1.5334113
2013-07-18T11-06-53.783  1.993255,7.8179426,-1.4184504
2013-07-18T11-06-53.784  0.95860654,7.4730597,-1.7250128
2013-07-18T11-06-53.801  -0.03772156,6.898255,-2.3381379
2013-07-18T11-06-53.803  -0.8807684,6.783294,-3.1811848
2013-07-18T11-06-53.817  -1.4172528,6.400091,-3.219505
2013-07-18T11-06-53.818  -2.1070185,5.8636065,-3.0662239
2013-07-18T11-06-53.835  -2.0686982,5.2888017,-2.2998176
2013-07-18T11-06-53.836  -2.183659,4.1775126,-1.7250128
2013-07-18T11-06-53.851  -1.9920574,2.7979815,-0.88196594
2013-07-18T11-06-53.852  -1.6088544,1.495091,-0.4604425
2013-07-18T11-06-53.869  -1.3406122,0.69036436,-0.88196594
2013-07-18T11-06-53.870  -1.5322137,0.15388,-1.6100519
2013-07-18T11-06-53.874  -2.6051824,-0.57420594,-2.223177
2013-07-18T11-06-53.886  -3.9080732,-1.1106904,-2.2998176
2013-07-18T11-06-53.888  -4.8277607,-2.29862,-1.9549347
2013-07-18T11-06-53.903  -4.636159,-5.019362,-1.6483722
2013-07-18T11-06-53.905  -3.1799872,-8.39155,-0.23052064
2013-07-18T11-06-53.920  -1.3406122,-13.37319,1.4172528
2013-07-18T11-06-53.922  1.9166144,-18.04827,3.141667
2013-07-18T11-06-53.936  6.859935,-19.581081,4.5211983
2013-07-18T11-06-53.938  11.726614,-19.581081,5.4408855
2013-07-18T11-06-53.953  14.86888,-19.581081,5.2109637
2013-07-18T11-06-53.955  15.941849,-19.54276,4.8660808
2013-07-18T11-06-53.974  15.175443,-18.27819,4.4828777
2013-07-18T11-06-53.976  12.991184,-15.78737,2.2219794
2013-07-18T11-06-53.993  10.500364,-14.331198,-0.88196594
2013-07-18T11-06-53.994  7.971224,-13.526471,-2.3764582
2013-07-18T11-06-54.005  6.0935283,-12.798386,-2.9512627
2013-07-18T11-06-54.006  6.170169,-12.10862,-2.4530988
2013-07-18T11-06-54.022  7.1281767,-12.0703,-1.38013
2013-07-18T11-06-54.023  7.4730597,-12.491823,-0.07723938
2013-07-18T11-06-54.025  8.162826,-13.028308,1.2256513
2013-07-18T11-06-54.038  8.73763,-13.488152,2.4902215
2013-07-18T11-06-54.041  9.159153,-13.718073,3.026706
2013-07-18T11-06-54.057  9.044192,-13.143269,2.9883857
2013-07-18T11-06-54.058  8.431067,-12.836706,3.9847138
2013-07-18T11-06-54.074  7.626341,-11.993659,3.869753
2013-07-18T11-06-54.075  7.013216,-11.073972,3.6781511
2013-07-18T11-06-54.090  6.7066536,-9.73276,3.1799872
2013-07-18T11-06-54.091  6.2468095,-8.506511,2.911745
2013-07-18T11-06-54.105  5.9785676,-7.5101824,2.7201433
2013-07-18T11-06-54.107  6.055208,-7.1269794,2.2602997
2013-07-18T11-06-54.125  5.9785676,-6.7437763,2.2602997
2013-07-18T11-06-54.126  6.2468095,-7.20362,2.413581
2013-07-18T11-06-54.140  6.515052,-7.6634636,2.7584639
2013-07-18T11-06-54.141  6.783294,-8.42987,2.911745
2013-07-18T11-06-54.160  7.051536,-8.889713,3.026706
2013-07-18T11-06-54.161  7.3197784,-9.426198,3.141667
2013-07-18T11-06-54.174  7.396419,-9.502839,3.52487
2013-07-18T11-06-54.179  7.243138,-9.272917,3.9463935
