2013-07-18T11-08-55.460  -10.729089,-16.055613,15.212565
2013-07-18T11-08-55.463  9.082513,-4.981042,4.6744795
2013-07-18T11-08-55.468  9.082513,-5.4025655,4.78944
2013-07-18T11-08-55.486  9.159153,-5.900729,4.9427214
2013-07-18T11-08-55.487  8.890911,-5.7857685,5.0576825
2013-07-18T11-08-55.504  8.852591,-5.900729,5.4408855
2013-07-18T11-08-55.506  8.622669,-5.9390497,4.75112
2013-07-18T11-08-55.508  8.584349,-5.4408855,5.900729
2013-07-18T11-08-55.522  8.162826,-5.134323,6.628815
2013-07-18T11-08-55.524  7.894583,-5.019362,5.019362
2013-07-18T11-08-55.539  7.741302,-4.5595183,7.1269794
2013-07-18T11-08-55.540  7.3197784,-3.9080732,6.207292
2013-07-18T11-08-55.556  7.051536,-3.141667,5.517526
2013-07-18T11-08-55.558  7.243138,-3.026706,6.9353776
2013-07-18T11-08-55.578  7.281458,-3.026706,5.4408855
2013-07-18T11-08-55.580  7.396419,-3.1799872,5.364245
2013-07-18T11-08-55.581  7.281458,-3.026706,6.590495
2013-07-18T11-08-55.588  7.1281767,-3.0650263,5.517526
2013-07-18T11-08-55.607  7.2048173,-2.8734248,6.207292
2013-07-18T11-08-55.608  6.7066536,-2.3752606,6.3605733
2013-07-18T11-08-55.622  6.438411,-1.7238153,5.5941668
2013-07-18T11-08-55.624  5.786966,-1.187331,6.5521746
2013-07-18T11-08-55.640  5.518724,-0.1910028,6.3988934
2013-07-18T11-08-55.641  5.05888,0.61372375,6.092331
2013-07-18T11-08-55.660  5.327122,1.1502081,6.820417
2013-07-18T11-08-55.662  5.212161,1.5334113,6.245612
2013-07-18T11-08-55.663  5.173841,1.5717316,5.747448
2013-07-18T11-08-55.675  5.2504816,1.4567707,5.9390497
2013-07-18T11-08-55.677  5.212161,1.6866925,5.479206
2013-07-18T11-08-55.693  5.0972004,2.108216,5.2876043
2013-07-18T11-08-55.695  5.02056,1.7633331,5.325925
2013-07-18T11-08-55.713  4.6373568,2.0315752,4.75112
2013-07-18T11-08-55.715  4.599036,1.993255,4.78944
2013-07-18T11-08-55.717  4.2541533,1.8399738,4.5595183
2013-07-18T11-08-55.725  3.9859114,1.993255,4.4445577
2013-07-18T11-08-55.743  3.5260675,2.223177,5.019362
2013-07-18T11-08-55.744  2.9512627,2.6830206,4.8660808
2013-07-18T11-08-55.760  2.874622,3.3727863,5.0960026
2013-07-18T11-08-55.761  3.0662239,3.6410284,6.0540104
2013-07-18T11-08-55.778  3.0279036,3.7559893,5.9390497
2013-07-18T11-08-55.780  3.1045442,3.6410284,5.517526
2013-07-18T11-08-55.792  2.7979815,3.219505,4.2912765
2013-07-18T11-08-55.793  2.9512627,3.5260675,1.3022919
2013-07-18T11-08-55.797  3.1428645,3.1045442,-2.3764582
2013-07-18T11-08-55.811  3.4877472,2.7979815,-5.786966
2013-07-18T11-08-55.813  3.5260675,1.5334113,-6.9748955
2013-07-18T11-08-55.826  3.3727863,-0.07604187,-5.9785676
2013-07-18T11-08-55.829  2.491419,-0.9574091,-3.9859114
2013-07-18T11-08-55.846  1.4567707,-1.3789325,-1.38013
2013-07-18T11-08-55.853  0.26884094,-2.1453388,2.1453388
2013-07-18T11-08-55.867  -0.57420594,-2.4519012,4.8277607
2013-07-18T11-08-55.869  -0.8041278,-2.6051824,5.900729
2013-07-18T11-08-55.871  -0.53588563,-3.6015105,5.0960026
2013-07-18T11-08-55.877  0.34548157,-5.2109637,3.026706
2013-07-18T11-08-55.894  1.5334113,-7.2419405,1.4938934
2013-07-18T11-08-55.896  2.6447003,-9.426198,0.11436218
2013-07-18T11-08-55.911  4.445755,-11.533815,-0.57540345
2013-07-18T11-08-55.913  5.8252864,-13.258229,-0.07723938
2013-07-18T11-08-55.931  6.9748955,-14.216237,0.1910028
2013-07-18T11-08-55.934  7.894583,-14.177917,0.34428406
2013-07-18T11-08-55.946  7.8179426,-13.181589,0.65084654
2013-07-18T11-08-55.947  6.898255,-11.878698,0.4209247
2013-07-18T11-08-55.950  5.05888,-10.88237,-0.4604425
2013-07-18T11-08-55.962  3.4111066,-9.196277,-1.0735675
2013-07-18T11-08-55.965  1.993255,-8.6981125,-0.30716124
2013-07-18T11-08-55.979  1.6866925,-9.541159,0.8807684
2013-07-18T11-08-55.981  2.9512627,-11.6104555,1.1490107
2013-07-18T11-08-55.995  4.560716,-13.526471,0.9190887
2013-07-18T11-08-55.998  6.0168877,-14.676081,0.7274872
2013-07-18T11-08-56.012  6.668333,-14.867682,0.26764342
2013-07-18T11-08-56.014  7.358099,-15.212565,-0.30716124
2013-07-18T11-08-56.030  6.9365754,-14.599441,-1.6866925
2013-07-18T11-08-56.031  7.051536,-14.292878,-2.3764582
2013-07-18T11-08-56.047  7.013216,-14.599441,-2.7596612
2013-07-18T11-08-56.048  7.2048173,-14.714401,-1.8399738
2013-07-18T11-08-56.064  7.013216,-14.982643,0.03772156
2013-07-18T11-08-56.065  6.3617706,-15.327526,1.7238153
2013-07-18T11-08-56.083  5.6336846,-15.059284,2.6435027
2013-07-18T11-08-56.084  4.790638,-14.139597,2.6435027
2013-07-18T11-08-56.104  3.8709502,-12.683425,2.6435027
2013-07-18T11-08-56.105  3.1428645,-12.10862,2.183659
2013-07-18T11-08-56.106  3.1811848,-11.878698,1.9920574
2013-07-18T11-08-56.110  3.8709502,-11.533815,1.6088544
2013-07-18T11-08-56.118  4.445755,-11.6104555,1.5322137
2013-07-18T11-08-56.130  5.1355205,-12.223581,1.5322137
2013-07-18T11-08-56.134  5.786966,-12.913346,2.3369403
2013-07-18T11-08-56.148  6.2468095,-13.871354,3.294948
2013-07-18T11-08-56.150  5.8636065,-13.794714,3.8314326
2013-07-18T11-08-56.165  5.1355205,-12.836706,3.869753
2013-07-18T11-08-56.166  3.7943096,-10.920691,3.6015105
2013-07-18T11-08-56.183  1.993255,-8.161628,3.0650263
2013-07-18T11-08-56.185  1.0352472,-4.981042,1.3022919
2013-07-18T11-08-56.199  0.4604425,-1.9154168,-0.767005
2013-07-18T11-08-56.200  0.72868466,-0.459245,-1.3034893
2013-07-18T11-08-56.220  0.8053253,-0.1910028,-0.23052064
2013-07-18T11-08-56.223  1.8016534,-0.57420594,1.4938934
2013-07-18T11-08-56.236  3.1045442,-1.8770965,2.4902215
2013-07-18T11-08-56.239  3.9475908,-2.7201433,3.3332684
2013-07-18T11-08-56.253  5.0972004,-3.52487,4.5211983
2013-07-18T11-08-56.255  5.327122,-4.3295965,5.5558467
2013-07-18T11-08-56.256  4.943919,-4.981042,5.325925
2013-07-18T11-08-56.268  5.327122,-5.019362,4.6744795
2013-07-18T11-08-56.270  5.6336846,-4.597839,2.8734248
2013-07-18T11-08-56.286  6.055208,-4.597839,-0.11555969
2013-07-18T11-08-56.288  6.9748955,-5.134323,-2.491419
2013-07-18T11-08-56.300  8.584349,-6.858737,-4.560716
2013-07-18T11-08-56.303  9.810598,-8.889713,-5.557044
2013-07-18T11-08-56.318  10.960208,-10.4991665,-4.1775126
2013-07-18T11-08-56.319  11.803255,-11.495495,-1.9166144
2013-07-18T11-08-56.339  12.1098175,-11.993659,-0.34548157
2013-07-18T11-08-56.340  11.496693,-11.073972,0.8424481
2013-07-18T11-08-56.360  10.155481,-10.115964,1.4172528
2013-07-18T11-08-56.361  8.66099,-8.928034,1.2256513
2013-07-18T11-08-56.362  7.243138,-7.433542,1.3022919
2013-07-18T11-08-56.367  5.901927,-5.900729,1.7238153
2013-07-18T11-08-56.386  5.05888,-4.367917,1.8770965
2013-07-18T11-08-56.387  4.5223956,-3.141667,1.8770965
2013-07-18T11-08-56.403  4.1775126,-1.6471747,1.7238153
2013-07-18T11-08-56.405  4.100872,-0.34428406,1.4555731
2013-07-18T11-08-56.409  4.445755,0.23052064,2.4902215
2013-07-18T11-08-56.423  4.828958,0.49876282,2.8734248
2013-07-18T11-08-56.427  5.4420834,0.92028624,3.141667
2013-07-18T11-08-56.446  5.4420834,0.95860654,2.911745
2013-07-18T11-08-56.447  5.672005,-0.61252624,2.566862
2013-07-18T11-08-56.449  6.2468095,-3.409909,2.29862
2013-07-18T11-08-56.455  7.8179426,-6.245612,2.1453388
2013-07-18T11-08-56.473  9.733958,-9.157956,1.5322137
2013-07-18T11-08-56.474  11.15181,-11.112292,1.0340496
2013-07-18T11-08-56.493  12.071497,-11.112292,0.57420594
2013-07-18T11-08-56.496  11.496693,-10.077643,0.22932312
2013-07-18T11-08-56.497  10.270443,-8.851394,-0.19220032
2013-07-18T11-08-56.504  8.507709,-7.586823,-0.03891907
2013-07-18T11-08-56.526  7.013216,-5.7857685,0.26764342
2013-07-18T11-08-56.528  5.9785676,-4.061354,0.57420594
2013-07-18T11-08-56.541  5.3654423,-2.681823,1.3789325
2013-07-18T11-08-56.543  5.2504816,-1.8387762,2.413581
2013-07-18T11-08-56.557  5.4420834,-1.2256513,3.3332684
2013-07-18T11-08-56.559  5.403763,-0.8041278,3.52487
2013-07-18T11-08-56.561  5.0972004,0.11555969,3.409909
2013-07-18T11-08-56.574  4.9055986,0.07723938,2.9883857
2013-07-18T11-08-56.576  4.9055986,-0.7658075,2.29862
2013-07-18T11-08-56.590  5.1355205,-2.1453388,1.8770965
2013-07-18T11-08-56.592  5.518724,-3.2183075,2.0303779
2013-07-18T11-08-56.610  6.32345,-4.137995,2.4519012
2013-07-18T11-08-56.612  6.7449737,-4.9044013,2.566862
2013-07-18T11-08-56.624  7.2048173,-4.78944,2.6435027
2013-07-18T11-08-56.625  6.7066536,-4.367917,2.4519012
2013-07-18T11-08-56.648  5.901927,-3.4865496,1.8387762
2013-07-18T11-08-56.649  4.9055986,-3.026706,1.4555731
2013-07-18T11-08-56.663  4.292474,-3.4865496,1.5322137
2013-07-18T11-08-56.664  4.6373568,-4.9427214,1.5705341
2013-07-18T11-08-56.665  5.9785676,-7.586823,2.0686982
2013-07-18T11-08-56.671  7.4730597,-9.426198,1.8770965
2013-07-18T11-08-56.689  8.890911,-10.422526,2.1453388
2013-07-18T11-08-56.690  9.733958,-10.805729,2.2602997
2013-07-18T11-08-56.710  9.848919,-10.384206,2.3369403
2013-07-18T11-08-56.714  9.005872,-9.73276,1.9537371
2013-07-18T11-08-56.716  7.741302,-8.199948,1.4555731
2013-07-18T11-08-56.731  6.7449737,-7.3952217,0.53588563
2013-07-18T11-08-56.733  6.0935283,-6.437214,-0.03891907
2013-07-18T11-08-56.747  5.786966,-6.1306515,-0.11555969
2013-07-18T11-08-56.748  5.748646,-6.9353776,-0.26884094
2013-07-18T11-08-56.763  6.668333,-8.544831,0.459245
2013-07-18T11-08-56.765  7.779622,-10.039323,1.5705341
2013-07-18T11-08-56.778  8.431067,-10.959011,1.8004559
2013-07-18T11-08-56.779  8.431067,-11.457174,2.566862
2013-07-18T11-08-56.795  8.162826,-11.227253,2.9883857
2013-07-18T11-08-56.797  7.779622,-10.997331,2.8351045
2013-07-18T11-08-56.813  7.166497,-10.422526,1.9920574
2013-07-18T11-08-56.815  6.5533724,-9.73276,2.0686982
2013-07-18T11-08-56.838  6.7066536,-9.6178,2.4902215
2013-07-18T11-08-56.841  6.9365754,-9.69444,3.141667
2013-07-18T11-08-56.842  7.51138,-10.192604,3.9463935
2013-07-18T11-08-56.844  8.009544,-10.614128,4.9044013
2013-07-18T11-08-56.865  8.124505,-10.652448,5.709128
2013-07-18T11-08-56.867  7.894583,-10.652448,5.97737
2013-07-18T11-08-56.869  7.6646614,-10.460847,6.0540104
2013-07-18T11-08-56.881  7.281458,-9.886042,6.3222528
2013-07-18T11-08-56.883  6.438411,-9.426198,6.628815
2013-07-18T11-08-56.895  5.940247,-8.889713,6.437214
2013-07-18T11-08-56.897  5.748646,-8.199948,6.245612
2013-07-18T11-08-56.911  4.9822392,-6.7437763,6.3222528
2013-07-18T11-08-56.913  4.675677,-5.1726437,6.475534
2013-07-18T11-08-56.927  4.1391926,-3.869753,6.973698
2013-07-18T11-08-56.929  3.9475908,-2.9883857,6.628815
2013-07-18T11-08-56.945  4.0242314,-2.3369403,6.245612
2013-07-18T11-08-56.946  4.1391926,-1.685495,5.6324873
2013-07-18T11-08-56.961  4.292474,-1.6471747,5.479206
2013-07-18T11-08-56.963  4.2541533,-1.4172528,5.4025655
2013-07-18T11-08-56.978  4.4840755,-1.3789325,5.6324873
2013-07-18T11-08-56.979  4.0242314,-1.8004559,5.97737
2013-07-18T11-08-56.998  3.83263,-1.6471747,6.3605733
2013-07-18T11-08-56.999  3.2961457,-1.6088544,6.3605733
2013-07-18T11-08-57.013  2.9129424,-1.1106904,6.3222528
2013-07-18T11-08-57.014  2.3764582,-0.8807684,5.7857685
2013-07-18T11-08-57.017  1.993255,-0.57420594,5.517526
2013-07-18T11-08-57.029  1.8782941,-0.65084654,4.75112
2013-07-18T11-08-57.033  2.1465364,-1.0340496,4.252956
2013-07-18T11-08-57.046  2.223177,-1.7238153,3.6398308
2013-07-18T11-08-57.049  2.989583,-2.2219794,2.7584639
2013-07-18T11-08-57.065  3.6793487,-2.681823,1.2639716
2013-07-18T11-08-57.066  4.560716,-3.1033466,-0.4604425
2013-07-18T11-08-57.080  5.4420834,-3.3332684,-1.7250128
2013-07-18T11-08-57.081  5.7103252,-3.6015105,-1.6866925
2013-07-18T11-08-57.098  5.8636065,-3.4865496,-0.88196594
2013-07-18T11-08-57.099  5.8636065,-3.6015105,0.7658075
2013-07-18T11-08-57.116  5.672005,-4.1763153,2.681823
2013-07-18T11-08-57.117  5.786966,-5.4025655,4.023034
2013-07-18T11-08-57.131  6.0935283,-6.705456,4.3295965
2013-07-18T11-08-57.132  6.32345,-7.2419405,4.406237
2013-07-18T11-08-57.148  6.7066536,-6.8970575,4.0996747
2013-07-18T11-08-57.149  6.5916924,-6.6671357,3.4482293
2013-07-18T11-08-57.168  6.7066536,-5.862409,2.413581
2013-07-18T11-08-57.169  7.013216,-5.0576825,2.0686982
2013-07-18T11-08-57.171  7.013216,-4.7127995,1.0340496
2013-07-18T11-08-57.185  7.2048173,-4.5211983,0.459245
2013-07-18T11-08-57.186  7.358099,-4.3295965,0.9190887
2013-07-18T11-08-57.199  7.243138,-4.597839,1.6471747
2013-07-18T11-08-57.201  7.243138,-4.9044013,2.0686982
2013-07-18T11-08-57.216  7.281458,-5.019362,2.29862
2013-07-18T11-08-57.218  6.668333,-4.4828777,2.29862
2013-07-18T11-08-57.233  6.476732,-4.061354,1.4555731
2013-07-18T11-08-57.234  6.055208,-3.5631902,0.7274872
2013-07-18T11-08-57.250  6.131849,-3.6398308,0.57420594
2013-07-18T11-08-57.251  6.438411,-3.52487,1.2256513
2013-07-18T11-08-57.267  6.476732,-4.061354,3.1033466
2013-07-18T11-08-57.268  6.668333,-4.2912765,4.981042
2013-07-18T11-08-57.284  6.7449737,-4.406237,6.207292
2013-07-18T11-08-57.285  6.28513,-4.406237,6.3988934
2013-07-18T11-08-57.303  5.8252864,-4.78944,6.5138545
2013-07-18T11-08-57.304  5.0972004,-4.8660808,6.3988934
2013-07-18T11-08-57.318  4.675677,-4.8660808,6.1689715
2013-07-18T11-08-57.319  3.9092705,-4.981042,6.475534
2013-07-18T11-08-57.322  3.334466,-4.75112,6.8970575
2013-07-18T11-08-57.338  3.0279036,-5.2492843,7.548503
2013-07-18T11-08-57.339  3.1811848,-5.747448,7.8550653
2013-07-18T11-08-57.351  3.334466,-6.590495,7.816745
2013-07-18T11-08-57.354  4.100872,-7.701784,7.7784247
2013-07-18T11-08-57.369  5.02056,-9.042995,6.3988934
2013-07-18T11-08-57.370  6.3617706,-9.272917,3.1033466
2013-07-18T11-08-57.385  7.358099,-9.962683,-0.42212218
2013-07-18T11-08-57.386  7.779622,-10.345885,-2.1465364
2013-07-18T11-08-57.403  7.9329033,-10.805729,-1.4184504
2013-07-18T11-08-57.404  7.9329033,-10.192604,-0.767005
2013-07-18T11-08-57.429  8.162826,-9.426198,-1.7250128
2013-07-18T11-08-57.430  8.201145,-9.196277,-2.9129424
2013-07-18T11-08-57.431  8.0861845,-10.077643,-2.8363018
2013-07-18T11-08-57.434  8.622669,-11.840378,-2.491419
2013-07-18T11-08-57.457  9.887239,-13.028308,-2.9129424
2013-07-18T11-08-57.458  11.075169,-13.909675,-2.7979815
2013-07-18T11-08-57.473  12.186459,-14.791042,-2.7596612
2013-07-18T11-08-57.474  13.106146,-16.132254,-3.4877472
2013-07-18T11-08-57.476  14.140794,-16.898659,-4.8672786
2013-07-18T11-08-57.490  14.83056,-18.967957,-6.400091
2013-07-18T11-08-57.491  15.711926,-19.581081,-7.281458
2013-07-18T11-08-57.506  16.938177,-19.581081,-7.5497003
2013-07-18T11-08-57.507  17.781223,-19.581081,-7.779622
2013-07-18T11-08-57.524  17.091457,-19.581081,-7.971224
2013-07-18T11-08-57.525  14.179114,-19.581081,-6.8216143
2013-07-18T11-08-57.541  9.810598,-19.581081,-5.212161
2013-07-18T11-08-57.542  5.7103252,-19.581081,-1.6866925
2013-07-18T11-08-57.555  2.3381379,-19.581081,2.7967842
2013-07-18T11-08-57.556  -1.3789325,-19.581081,8.046667
2013-07-18T11-08-57.575  -5.517526,-19.581081,12.951667
2013-07-18T11-08-57.576  -8.6981125,-19.581081,15.480807
2013-07-18T11-08-57.591  -11.993659,-19.389479,13.37319
2013-07-18T11-08-57.592  -14.829362,-12.03198,9.234596
2013-07-18T11-08-57.611  -15.442487,-0.65084654,5.900729
2013-07-18T11-08-57.613  -13.718073,9.92556,5.0576825
2013-07-18T11-08-57.627  -10.422526,17.206419,6.1689715
2013-07-18T11-08-57.628  -6.245612,19.314035,8.046667
2013-07-18T11-08-57.629  -2.1453388,18.126106,8.851394
2013-07-18T11-08-57.640  0.92028624,14.332396,7.8933854
2013-07-18T11-08-57.643  2.9129424,9.274115,7.2419405
2013-07-18T11-08-57.658  3.717669,4.6373568,6.7437763
2013-07-18T11-08-57.660  3.9859114,0.34548157,6.2839327
2013-07-18T11-08-57.673  4.828958,-2.7584639,5.364245
2013-07-18T11-08-57.675  5.940247,-4.1763153,4.78944
2013-07-18T11-08-57.690  6.783294,-4.406237,4.6744795
2013-07-18T11-08-57.692  7.51138,-3.754792,5.019362
2013-07-18T11-08-57.708  7.51138,-2.29862,5.6708074
2013-07-18T11-08-57.709  6.476732,-0.7658075,5.97737
2013-07-18T11-08-57.726  5.403763,0.9969269,5.709128
2013-07-18T11-08-57.727  4.675677,2.2998176,5.4408855
2013-07-18T11-08-57.741  4.1391926,3.219505,5.5941668
2013-07-18T11-08-57.743  3.9859114,4.1391926,5.900729
2013-07-18T11-08-57.758  3.8709502,4.4840755,5.862409
2013-07-18T11-08-57.760  3.5643878,4.828958,5.7857685
2013-07-18T11-08-57.764  3.602708,4.943919,5.862409
2013-07-18T11-08-57.776  3.219505,4.3691144,6.3222528
2013-07-18T11-08-57.780  3.1811848,3.5260675,6.245612
2013-07-18T11-08-57.793  3.2961457,2.9129424,6.858737
2013-07-18T11-08-57.796  3.7559893,2.721341,6.628815
2013-07-18T11-08-57.809  4.062552,2.1848567,6.3222528
2013-07-18T11-08-57.812  4.6373568,2.1465364,5.9390497
2013-07-18T11-08-57.827  4.9822392,1.8016534,5.364245
2013-07-18T11-08-57.828  5.2888017,1.8016534,5.4408855
2013-07-18T11-08-57.843  5.4420834,2.0698957,5.4025655
2013-07-18T11-08-57.844  5.2888017,1.993255,5.4025655
2013-07-18T11-08-57.860  4.9822392,2.1465364,5.4025655
2013-07-18T11-08-57.861  4.9822392,1.993255,5.7857685
2013-07-18T11-08-57.880  5.327122,2.108216,5.8240886
2013-07-18T11-08-57.881  5.02056,1.7633331,5.862409
