2013-07-18T14-14-46.198  -9.081315,-10.575808,9.119636
2013-07-18T14-14-46.200  -2.3752606,8.507709,1.685495
2013-07-18T14-14-46.202  -2.3752606,8.239466,1.2256513
2013-07-18T14-14-46.229  -2.1070185,7.971224,0.8041278
2013-07-18T14-14-46.230  -1.9537371,7.741302,0.4975653
2013-07-18T14-14-46.232  -1.9920574,7.051536,0.53588563
2013-07-18T14-14-46.233  -1.5705341,6.9365754,-0.11555969
2013-07-18T14-14-46.242  -1.5322137,6.783294,-0.65204406
2013-07-18T14-14-46.258  -1.1106904,6.8216143,1.4555731
2013-07-18T14-14-46.261  -0.9957294,6.5916924,-0.8053253
2013-07-18T14-14-46.279  -0.459245,6.515052,-0.15388
2013-07-18T14-14-46.281  -0.11436218,6.170169,0.7658075
2013-07-18T14-14-46.282  0.26884094,5.8252864,-1.0735675
2013-07-18T14-14-46.290  0.8053253,5.557044,0.1910028
2013-07-18T14-14-46.312  1.1885284,5.05888,-0.26884094
2013-07-18T14-14-46.314  1.495091,5.3654423,-1.4567707
2013-07-18T14-14-46.315  1.6866925,5.403763,-0.57540345
2013-07-18T14-14-46.322  1.8782941,5.3654423,-1.3418097
2013-07-18T14-14-46.346  2.1465364,5.327122,-1.495091
2013-07-18T14-14-46.348  2.3381379,5.518724,-0.72868466
2013-07-18T14-14-46.363  2.5297394,5.5953646,-1.4184504
2013-07-18T14-14-46.365  3.0662239,5.4804034,-1.0735675
2013-07-18T14-14-46.366  3.6793487,4.9055986,-0.4604425
2013-07-18T14-14-46.370  3.6410284,4.6373568,-0.61372375
2013-07-18T14-14-46.378  4.292474,4.4074345,0.07604187
2013-07-18T14-14-46.394  4.292474,4.4840755,0.22932312
2013-07-18T14-14-46.396  4.330794,4.9055986,0.07604187
2013-07-18T14-14-46.410  4.100872,5.02056,0.9190887
2013-07-18T14-14-46.411  3.9092705,5.173841,0.68916684
2013-07-18T14-14-46.430  3.9092705,5.4804034,0.53588563
2013-07-18T14-14-46.431  3.717669,5.4804034,0.8041278
2013-07-18T14-14-46.445  3.717669,5.672005,0.7658075
2013-07-18T14-14-46.448  3.7559893,5.4804034,1.3406122
2013-07-18T14-14-46.467  3.8709502,5.4420834,2.183659
2013-07-18T14-14-46.468  3.9475908,5.7103252,2.8351045
2013-07-18T14-14-46.469  4.100872,6.0935283,3.754792
2013-07-18T14-14-46.474  3.4877472,6.783294,4.4445577
2013-07-18T14-14-46.492  3.1811848,7.396419,4.7127995
2013-07-18T14-14-46.494  2.721341,7.741302,4.8660808
2013-07-18T14-14-46.511  2.3764582,7.8179426,4.9427214
2013-07-18T14-14-46.513  2.1465364,7.779622,4.8277607
2013-07-18T14-14-46.532  2.2998176,7.9329033,5.2876043
2013-07-18T14-14-46.534  2.6447003,8.047864,5.4408855
2013-07-18T14-14-46.536  3.0662239,8.392747,5.900729
2013-07-18T14-14-46.538  3.4111066,8.277786,6.3222528
2013-07-18T14-14-46.546  3.8709502,8.392747,6.6671357
2013-07-18T14-14-46.569  4.0242314,8.66099,6.590495
2013-07-18T14-14-46.570  3.6793487,8.77595,6.475534
2013-07-18T14-14-46.572  3.8709502,8.622669,6.207292
2013-07-18T14-14-46.579  4.100872,8.77595,5.9390497
2013-07-18T14-14-46.604  4.3691144,8.73763,5.97737
2013-07-18T14-14-46.606  5.02056,8.584349,5.8240886
2013-07-18T14-14-46.608  5.901927,8.584349,6.0156903
2013-07-18T14-14-46.611  7.1281767,8.277786,6.207292
2013-07-18T14-14-46.635  7.741302,8.047864,6.092331
2013-07-18T14-14-46.636  8.316107,7.396419,5.97737
2013-07-18T14-14-46.637  8.507709,7.281458,5.709128
2013-07-18T14-14-46.643  8.73763,7.281458,5.4025655
2013-07-18T14-14-46.664  8.814271,7.051536,4.9044013
2013-07-18T14-14-46.666  9.120833,7.0898566,4.75112
2013-07-18T14-14-46.679  9.772279,7.0898566,4.9427214
2013-07-18T14-14-46.681  10.423724,7.243138,5.0576825
2013-07-18T14-14-46.683  10.845247,7.281458,5.2109637
2013-07-18T14-14-46.700  11.19013,7.166497,5.1726437
2013-07-18T14-14-46.702  11.381732,7.1281767,4.981042
2013-07-18T14-14-46.716  11.458372,7.051536,5.0960026
2013-07-18T14-14-46.719  11.15181,7.0898566,4.9427214
2013-07-18T14-14-46.737  11.036849,6.859935,4.6744795
2013-07-18T14-14-46.739  10.730287,6.668333,4.7127995
2013-07-18T14-14-46.741  10.730287,6.7066536,4.981042
2013-07-18T14-14-46.747  10.538685,6.476732,5.0960026
2013-07-18T14-14-46.772  10.117161,6.898255,5.1726437
2013-07-18T14-14-46.773  9.848919,7.1281767,5.5941668
2013-07-18T14-14-46.775  9.082513,7.8179426,5.6324873
2013-07-18T14-14-46.779  8.469388,7.741302,5.5941668
2013-07-18T14-14-46.800  7.971224,7.588021,5.747448
2013-07-18T14-14-46.801  7.894583,7.358099,5.97737
2013-07-18T14-14-46.817  7.894583,7.0898566,6.207292
2013-07-18T14-14-46.818  7.779622,7.243138,6.437214
2013-07-18T14-14-46.821  7.51138,7.166497,6.3605733
2013-07-18T14-14-46.841  7.281458,7.051536,6.207292
2013-07-18T14-14-46.843  6.783294,7.4347396,6.3605733
2013-07-18T14-14-46.844  5.901927,7.588021,6.3988934
2013-07-18T14-14-46.852  5.4420834,7.5497003,6.3988934
2013-07-18T14-14-46.874  4.560716,7.243138,6.3222528
2013-07-18T14-14-46.876  3.9475908,7.3197784,6.3988934
2013-07-18T14-14-46.877  3.7559893,7.051536,6.437214
2013-07-18T14-14-46.883  3.2961457,6.9365754,6.437214
2013-07-18T14-14-46.914  3.0662239,6.7066536,6.245612
2013-07-18T14-14-46.916  3.1045442,6.476732,5.747448
2013-07-18T14-14-46.917  2.721341,6.476732,5.1726437
2013-07-18T14-14-46.918  2.3764582,6.0935283,4.3295965
2013-07-18T14-14-46.933  1.9549347,6.28513,3.4482293
2013-07-18T14-14-46.935  1.3034893,5.940247,2.6435027
2013-07-18T14-14-46.952  0.61372375,6.2084894,2.1070185
2013-07-18T14-14-46.954  0.34548157,6.5533724,1.8004559
2013-07-18T14-14-46.968  0.34548157,6.783294,1.7621356
2013-07-18T14-14-46.970  0.49876282,6.8216143,1.7238153
2013-07-18T14-14-46.984  0.88196594,6.7066536,1.7621356
2013-07-18T14-14-46.985  1.3418097,7.166497,2.0303779
2013-07-18T14-14-46.988  1.7250128,7.166497,1.7238153
2013-07-18T14-14-47.004  1.8782941,7.2048173,1.7621356
2013-07-18T14-14-47.006  2.108216,7.3197784,1.8004559
2013-07-18T14-14-47.020  2.4530988,7.2048173,1.8770965
2013-07-18T14-14-47.022  2.9129424,7.243138,1.9920574
2013-07-18T14-14-47.039  2.7596612,8.622669,2.4519012
2013-07-18T14-14-47.041  2.7596612,9.733958,3.1799872
2013-07-18T14-14-47.061  3.334466,10.6536455,3.4865496
2013-07-18T14-14-47.062  3.7943096,10.538685,3.5631902
2013-07-18T14-14-47.063  3.7943096,10.040521,3.52487
2013-07-18T14-14-47.068  4.3691144,9.235794,3.3332684
2013-07-18T14-14-47.091  4.445755,8.73763,3.754792
2013-07-18T14-14-47.093  4.1391926,8.507709,4.4828777
2013-07-18T14-14-47.094  3.8709502,7.8179426,4.9044013
2013-07-18T14-14-47.100  2.7979815,7.894583,5.517526
2013-07-18T14-14-47.117  2.0698957,7.741302,5.9390497
2013-07-18T14-14-47.118  0.9969269,7.6646614,6.1689715
2013-07-18T14-14-47.139  0.19220032,7.779622,6.092331
2013-07-18T14-14-47.140  -0.61252624,7.894583,5.747448
2013-07-18T14-14-47.142  -1.0340496,7.8179426,5.134323
2013-07-18T14-14-47.157  -1.4555731,7.8179426,4.367917
2013-07-18T14-14-47.158  -1.685495,7.51138,3.7931123
2013-07-18T14-14-47.173  -2.1453388,7.2048173,2.8351045
2013-07-18T14-14-47.175  -2.3369403,7.2048173,2.3369403
2013-07-18T14-14-47.189  -2.0303779,6.9365754,1.8770965
2013-07-18T14-14-47.190  -1.6088544,6.438411,1.6471747
2013-07-18T14-14-47.205  -1.187331,5.901927,1.2256513
2013-07-18T14-14-47.206  -0.8807684,5.7103252,0.9190887
2013-07-18T14-14-47.222  -0.61252624,5.0972004,0.8041278
2013-07-18T14-14-47.223  -0.07604187,4.943919,0.7274872
2013-07-18T14-14-47.246  0.07723938,4.790638,0.459245
2013-07-18T14-14-47.248  0.42212218,4.790638,0.30596375
2013-07-18T14-14-47.249  0.72868466,4.6373568,0.11436218
2013-07-18T14-14-47.253  1.3034893,4.2541533,-0.15388
2013-07-18T14-14-47.272  1.8399738,4.1775126,-0.19220032
2013-07-18T14-14-47.273  2.7979815,3.5643878,-0.19220032
2013-07-18T14-14-47.295  3.219505,3.449427,-0.61372375
2013-07-18T14-14-47.296  3.83263,3.0662239,-0.8053253
2013-07-18T14-14-47.297  4.1391926,3.1428645,-0.88196594
2013-07-18T14-14-47.301  4.2541533,3.1428645,-0.92028624
2013-07-18T14-14-47.309  4.100872,3.334466,-0.95860654
2013-07-18T14-14-47.322  3.5260675,3.2578254,-0.8053253
2013-07-18T14-14-47.326  3.4111066,3.4111066,-0.42212218
2013-07-18T14-14-47.339  3.3727863,3.83263,0.11436218
2013-07-18T14-14-47.341  3.4111066,3.9859114,0.9190887
2013-07-18T14-14-47.357  3.83263,4.062552,1.187331
2013-07-18T14-14-47.358  4.560716,4.292474,1.3022919
2013-07-18T14-14-47.374  4.9055986,4.790638,1.7621356
2013-07-18T14-14-47.375  5.4420834,5.1355205,2.29862
2013-07-18T14-14-47.395  5.6336846,5.3654423,2.413581
2013-07-18T14-14-47.398  6.0935283,5.6336846,3.1033466
2013-07-18T14-14-47.412  6.630013,5.8636065,3.9080732
2013-07-18T14-14-47.414  7.051536,6.170169,4.981042
2013-07-18T14-14-47.431  7.281458,6.9748955,5.5941668
2013-07-18T14-14-47.432  7.243138,7.779622,6.2839327
2013-07-18T14-14-47.433  7.3197784,8.77595,6.8970575
2013-07-18T14-14-47.438  7.779622,9.580677,6.705456
2013-07-18T14-14-47.446  8.047864,10.270443,6.9353776
2013-07-18T14-14-47.457  9.005872,10.615325,6.9353776
2013-07-18T14-14-47.462  9.657317,10.845247,7.1269794
2013-07-18T14-14-47.478  10.691966,10.960208,7.318581
2013-07-18T14-14-47.479  11.15181,10.806927,7.970026
2013-07-18T14-14-47.495  11.688294,10.845247,8.238269
2013-07-18T14-14-47.496  12.186459,10.9985285,8.42987
2013-07-18T14-14-47.516  12.4547,10.6536455,8.851394
2013-07-18T14-14-47.518  12.4547,10.347083,8.621471
2013-07-18T14-14-47.519  12.646302,10.423724,8.046667
2013-07-18T14-14-47.526  12.493021,10.232122,7.4718623
2013-07-18T14-14-47.543  12.033176,10.0022,6.7820964
2013-07-18T14-14-47.544  11.649974,9.772279,6.6671357
2013-07-18T14-14-47.560  11.036849,9.580677,6.6671357
2013-07-18T14-14-47.562  10.577005,8.929232,6.705456
2013-07-18T14-14-47.582  9.772279,8.622669,6.8970575
2013-07-18T14-14-47.584  9.235794,8.392747,6.6671357
2013-07-18T14-14-47.585  8.354427,7.626341,6.590495
2013-07-18T14-14-47.596  7.3197784,7.4730597,6.1689715
2013-07-18T14-14-47.599  6.5916924,7.4347396,5.747448
2013-07-18T14-14-47.611  5.8636065,6.9365754,5.325925
2013-07-18T14-14-47.614  5.2504816,6.7066536,4.8277607
2013-07-18T14-14-47.628  4.5223956,6.668333,4.367917
2013-07-18T14-14-47.631  3.717669,6.515052,4.061354
2013-07-18T14-14-47.648  3.1045442,6.055208,3.6398308
2013-07-18T14-14-47.650  2.5680597,5.8252864,3.0650263
2013-07-18T14-14-47.665  2.108216,5.557044,2.7201433
2013-07-18T14-14-47.666  1.4567707,5.212161,2.2219794
2013-07-18T14-14-47.685  1.2268487,4.9822392,2.0303779
2013-07-18T14-14-47.687  0.4604425,5.02056,1.6471747
2013-07-18T14-14-47.705  0.07723938,4.790638,1.2639716
2013-07-18T14-14-47.709  -0.4209247,4.675677,1.07237
2013-07-18T14-14-47.723  -0.65084654,4.4840755,0.8041278
2013-07-18T14-14-47.724  -1.1106904,4.4074345,0.22932312
2013-07-18T14-14-47.725  -1.8004559,4.3691144,0.07604187
2013-07-18T14-14-47.727  -2.1453388,4.2541533,-0.15388
2013-07-18T14-14-47.748  -2.6051824,3.9475908,-0.19220032
2013-07-18T14-14-47.748  -3.0650263,3.9475908,-0.38380188
2013-07-18T14-14-47.751  -3.6398308,3.9475908,-0.26884094
2013-07-18T14-14-47.764  -4.367917,4.0242314,-0.49876282
2013-07-18T14-14-47.767  -4.5211983,3.83263,-0.42212218
2013-07-18T14-14-47.781  -4.9427214,4.3691144,-0.07723938
2013-07-18T14-14-47.783  -5.0576825,4.3691144,0.26764342
2013-07-18T14-14-47.798  -5.2109637,4.560716,0.7658075
2013-07-18T14-14-47.800  -4.9427214,4.7139974,0.9957294
2013-07-18T14-14-47.815  -4.3295965,5.173841,1.6471747
2013-07-18T14-14-47.816  -3.409909,5.7103252,1.8004559
2013-07-18T14-14-47.832  -2.0686982,5.672005,2.3369403
2013-07-18T14-14-47.834  -0.7658075,6.32345,2.681823
2013-07-18T14-14-47.854  0.88196594,6.668333,3.294948
2013-07-18T14-14-47.855  2.5680597,7.626341,3.409909
2013-07-18T14-14-47.870  4.1775126,8.890911,3.9080732
2013-07-18T14-14-47.872  5.901927,10.308763,4.4445577
2013-07-18T14-14-47.886  7.626341,10.538685,4.4445577
2013-07-18T14-14-47.888  9.5423565,10.691966,4.9427214
2013-07-18T14-14-47.900  11.611653,10.577005,5.019362
2013-07-18T14-14-47.901  13.527669,10.500364,5.4408855
2013-07-18T14-14-47.903  15.558645,10.117161,5.709128
2013-07-18T14-14-47.919  16.938177,9.618998,5.5558467
2013-07-18T14-14-47.920  17.781223,9.082513,5.517526
2013-07-18T14-14-47.936  17.857864,8.699309,5.479206
2013-07-18T14-14-47.938  17.24474,8.699309,5.2876043
2013-07-18T14-14-47.954  15.750247,8.316107,4.8660808
2013-07-18T14-14-47.956  13.64263,8.354427,5.134323
2013-07-18T14-14-47.973  11.956536,7.9329033,5.6708074
2013-07-18T14-14-47.974  9.848919,7.7029815,6.3988934
2013-07-18T14-14-47.990  7.7029815,7.358099,6.7437763
2013-07-18T14-14-47.992  5.05888,6.9748955,7.2802606
2013-07-18T14-14-47.993  2.60638,6.7449737,7.318581
2013-07-18T14-14-48.000  0.49876282,6.476732,7.1653
2013-07-18T14-14-48.019  -1.3022919,6.515052,6.7820964
2013-07-18T14-14-48.021  -2.7584639,6.400091,6.207292
2013-07-18T14-14-48.035  -4.023034,6.515052,5.479206
2013-07-18T14-14-48.037  -4.8660808,6.7449737,4.75112
2013-07-18T14-14-48.040  -5.6324873,6.668333,3.869753
2013-07-18T14-14-48.058  -6.245612,6.9365754,2.9500654
2013-07-18T14-14-48.059  -6.7437763,7.0898566,2.183659
2013-07-18T14-14-48.075  -7.2419405,6.9365754,1.4555731
2013-07-18T14-14-48.076  -7.318581,7.396419,0.8424481
2013-07-18T14-14-48.090  -7.3952217,7.4730597,0.4975653
2013-07-18T14-14-48.092  -7.0503387,7.588021,0.65084654
2013-07-18T14-14-48.105  -6.3222528,7.2048173,0.8041278
2013-07-18T14-14-48.106  -5.325925,7.166497,1.1490107
2013-07-18T14-14-48.119  -4.061354,7.4347396,1.5705341
2013-07-18T14-14-48.120  -2.6435027,7.358099,2.29862
2013-07-18T14-14-48.136  -1.1106904,7.588021,2.4902215
2013-07-18T14-14-48.137  0.11555969,7.626341,2.8351045
2013-07-18T14-14-48.156  1.993255,8.162826,3.141667
2013-07-18T14-14-48.158  4.1391926,8.124505,3.6398308
2013-07-18T14-14-48.175  6.3617706,8.316107,4.252956
2013-07-18T14-14-48.178  8.584349,8.622669,4.4828777
2013-07-18T14-14-48.192  10.347083,8.316107,4.597839
2013-07-18T14-14-48.194  11.535013,8.162826,4.4828777
2013-07-18T14-14-48.217  12.33974,7.894583,4.3295965
2013-07-18T14-14-48.218  12.569661,7.8562627,4.1763153
2013-07-18T14-14-48.220  12.148138,8.009544,4.137995
2013-07-18T14-14-48.221  11.535013,7.971224,4.3295965
2013-07-18T14-14-48.225  10.615325,7.8562627,5.0960026
2013-07-18T14-14-48.246  9.618998,7.8562627,5.747448
2013-07-18T14-14-48.249  8.584349,7.8179426,6.5138545
2013-07-18T14-14-48.250  7.013216,7.9329033,6.973698
2013-07-18T14-14-48.257  5.672005,7.626341,6.8970575
2013-07-18T14-14-48.281  4.292474,7.51138,6.475534
2013-07-18T14-14-48.282  3.2578254,7.741302,6.0540104
2013-07-18T14-14-48.284  2.2998176,7.358099,5.900729
2013-07-18T14-14-48.289  1.5717316,7.1281767,5.4408855
2013-07-18T14-14-48.308  0.9969269,6.9748955,5.2109637
2013-07-18T14-14-48.310  0.26884094,6.515052,4.78944
2013-07-18T14-14-48.325  -0.8807684,6.3617706,4.8277607
2013-07-18T14-14-48.326  -2.4519012,6.7449737,4.6744795
2013-07-18T14-14-48.340  -3.7164717,7.0898566,4.4445577
2013-07-18T14-14-48.341  -5.019362,7.358099,5.2109637
2013-07-18T14-14-48.347  -6.5138545,7.4347396,5.4408855
2013-07-18T14-14-48.358  -7.5101824,7.4730597,6.245612
2013-07-18T14-14-48.361  -8.46819,7.6646614,6.3605733
2013-07-18T14-14-48.375  -9.157956,7.894583,6.6671357
2013-07-18T14-14-48.378  -9.579479,7.8562627,6.628815
2013-07-18T14-14-48.395  -9.65612,7.894583,6.3988934
2013-07-18T14-14-48.398  -9.69444,8.0861845,6.2839327
2013-07-18T14-14-48.414  -9.387877,8.431067,6.245612
2013-07-18T14-14-48.415  -9.004675,8.66099,6.0540104
2013-07-18T14-14-48.417  -8.199948,8.469388,5.97737
2013-07-18T14-14-48.426  -7.356901,8.354427,5.862409
2013-07-18T14-14-48.442  -6.207292,8.047864,5.7857685
2013-07-18T14-14-48.443  -5.5558467,7.4730597,5.900729
2013-07-18T14-14-48.459  -4.9044013,6.9748955,6.0540104
2013-07-18T14-14-48.460  -4.8277607,7.0898566,6.092331
2013-07-18T14-14-48.479  -4.981042,7.243138,6.1306515
2013-07-18T14-14-48.483  -5.0960026,7.358099,6.092331
2013-07-18T14-14-48.499  -5.325925,7.741302,6.0540104
2013-07-18T14-14-48.503  -5.479206,7.894583,6.092331
2013-07-18T14-14-48.518  -5.2109637,7.741302,6.207292
2013-07-18T14-14-48.519  -4.2912765,7.971224,5.9390497
2013-07-18T14-14-48.520  -3.026706,7.396419,6.245612
2013-07-18T14-14-48.522  -1.685495,7.0898566,6.0540104
2013-07-18T14-14-48.530  -0.34428406,6.8216143,5.479206
2013-07-18T14-14-48.544  0.92028624,6.3617706,4.981042
2013-07-18T14-14-48.546  1.8399738,5.786966,4.5211983
2013-07-18T14-14-48.563  2.491419,5.403763,4.0996747
2013-07-18T14-14-48.564  2.8363018,4.9822392,4.2912765
2013-07-18T14-14-48.580  2.9129424,5.1355205,4.78944
2013-07-18T14-14-48.582  3.1045442,5.1355205,5.0576825
2013-07-18T14-14-48.595  3.9859114,5.3654423,5.2492843
2013-07-18T14-14-48.596  4.599036,5.403763,5.364245
2013-07-18T14-14-48.615  5.8636065,5.0972004,5.2492843
2013-07-18T14-14-48.618  7.588021,4.828958,4.9427214
2013-07-18T14-14-48.633  9.580677,4.4840755,4.4828777
2013-07-18T14-14-48.635  11.343411,3.7943096,4.137995
2013-07-18T14-14-48.647  13.297748,3.5260675,3.754792
2013-07-18T14-14-48.648  15.098802,3.449427,3.3332684
2013-07-18T14-14-48.651  17.053139,2.8363018,2.911745
2013-07-18T14-14-48.666  18.202747,2.8363018,2.4902215
2013-07-18T14-14-48.668  19.275717,2.989583,1.9920574
2013-07-18T14-14-48.682  19.467318,3.1045442,1.2256513
2013-07-18T14-14-48.683  19.352356,3.1428645,0.68916684
2013-07-18T14-14-48.699  19.045794,3.3727863,0.22932312
2013-07-18T14-14-48.700  18.777552,3.2961457,-0.03891907
2013-07-18T14-14-48.715  17.896185,3.2961457,0.30596375
2013-07-18T14-14-48.716  16.938177,3.2578254,1.07237
2013-07-18T14-14-48.733  16.09513,3.0279036,1.6471747
2013-07-18T14-14-48.734  15.252083,2.9129424,2.3752606
2013-07-18T14-14-48.750  14.294075,2.7979815,3.0650263
2013-07-18T14-14-48.751  13.182786,2.9129424,3.7164717
2013-07-18T14-14-48.767  12.148138,2.5297394,4.252956
2013-07-18T14-14-48.768  11.15181,2.491419,4.9427214
2013-07-18T14-14-48.785  10.538685,2.4530988,5.4025655
2013-07-18T14-14-48.787  9.772279,2.5680597,6.0156903
2013-07-18T14-14-48.799  9.350755,2.9512627,6.2839327
2013-07-18T14-14-48.800  8.392747,3.4111066,6.1306515
2013-07-18T14-14-48.804  7.741302,3.9859114,5.862409
2013-07-18T14-14-48.815  7.166497,4.1775126,5.1726437
2013-07-18T14-14-48.819  6.515052,4.330794,4.981042
2013-07-18T14-14-48.832  6.32345,4.4840755,4.5595183
2013-07-18T14-14-48.835  5.8636065,4.5223956,4.9427214
2013-07-18T14-14-48.848  5.173841,4.330794,5.479206
2013-07-18T14-14-48.851  4.6373568,4.4074345,6.705456
2013-07-18T14-14-48.868  3.83263,4.9055986,7.6251435
2013-07-18T14-14-48.869  2.6830206,5.327122,7.8933854
2013-07-18T14-14-48.891  1.495091,5.672005,7.931706
2013-07-18T14-14-48.892  0.23052064,6.0168877,7.4718623
2013-07-18T14-14-48.894  -0.7658075,6.5916924,7.318581
2013-07-18T14-14-48.900  -1.3789325,6.668333,7.0886593
2013-07-18T14-14-48.925  -1.5705341,6.476732,7.0503387
2013-07-18T14-14-48.926  -1.6471747,6.2084894,6.9353776
2013-07-18T14-14-48.928  -2.2219794,6.0935283,7.2802606
2013-07-18T14-14-48.931  -3.1033466,6.5533724,8.008347
2013-07-18T14-14-48.952  -3.9463935,6.668333,8.276588
2013-07-18T14-14-48.953  -4.636159,7.013216,8.276588
2013-07-18T14-14-48.957  -5.364245,7.358099,8.199948
2013-07-18T14-14-48.971  -5.9390497,7.5497003,8.199948
2013-07-18T14-14-48.974  -6.092331,7.4730597,7.970026
2013-07-18T14-14-48.989  -5.900729,7.4730597,8.3532295
2013-07-18T14-14-48.992  -5.479206,7.6646614,8.3532295
2013-07-18T14-14-49.008  -5.2876043,7.4347396,7.0886593
2013-07-18T14-14-49.009  -5.8240886,7.626341,7.2419405
2013-07-18T14-14-49.025  -5.4408855,7.8179426,7.0503387
2013-07-18T14-14-49.027  -5.4408855,7.588021,6.5521746
2013-07-18T14-14-49.028  -5.862409,7.588021,6.590495
2013-07-18T14-14-49.036  -6.0156903,7.8562627,6.5138545
2013-07-18T14-14-49.054  -5.747448,8.316107,6.2839327
2013-07-18T14-14-49.055  -5.2492843,8.316107,6.3222528
2013-07-18T14-14-49.072  -4.6744795,8.162826,6.207292
2013-07-18T14-14-49.073  -3.7164717,8.0861845,6.0156903
2013-07-18T14-14-49.086  -2.8734248,7.8562627,5.6708074
2013-07-18T14-14-49.087  -2.1453388,7.8562627,5.479206
2013-07-18T14-14-49.105  -1.6088544,7.8179426,5.2876043
2013-07-18T14-14-49.106  -1.0340496,7.4730597,5.364245
2013-07-18T14-14-49.108  -1.3022919,7.5497003,5.2492843
2013-07-18T14-14-49.122  -1.1490107,7.894583,5.0960026
2013-07-18T14-14-49.124  -1.5322137,7.894583,5.134323
2013-07-18T14-14-49.141  -1.3022919,7.779622,4.9427214
2013-07-18T14-14-49.144  -1.2639716,8.0861845,5.0960026
2013-07-18T14-14-49.156  -1.07237,8.162826,5.1726437
2013-07-18T14-14-49.158  -0.9190887,7.971224,5.2109637
2013-07-18T14-14-49.172  -0.61252624,7.779622,5.0960026
2013-07-18T14-14-49.174  -0.30596375,7.588021,5.2109637
2013-07-18T14-14-49.192  5.987549E-4,7.5497003,5.1726437
2013-07-18T14-14-49.194  -0.26764342,7.741302,4.981042
2013-07-18T14-14-49.206  -0.30596375,7.3197784,4.9427214
2013-07-18T14-14-49.208  -0.4209247,7.626341,5.134323
2013-07-18T14-14-49.221  -0.57420594,7.626341,4.9044013
2013-07-18T14-14-49.223  -0.7658075,7.626341,4.9044013
2013-07-18T14-14-49.242  -0.65084654,7.4730597,4.9427214
2013-07-18T14-14-49.245  -0.61252624,7.741302,5.1726437
2013-07-18T14-14-49.257  -0.53588563,7.6646614,5.325925
2013-07-18T14-14-49.258  -0.07604187,7.7029815,5.2109637
2013-07-18T14-14-49.261  -0.26764342,7.779622,5.5941668
2013-07-18T14-14-49.288  -0.11436218,7.8179426,5.747448
2013-07-18T14-14-49.289  -0.1910028,7.779622,5.862409
2013-07-18T14-14-49.290  -0.1910028,7.7029815,6.3605733
2013-07-18T14-14-49.293  -0.22932312,7.9329033,6.437214
2013-07-18T14-14-49.309  -0.53588563,7.7029815,6.590495
2013-07-18T14-14-49.311  -0.61252624,7.8562627,6.5138545
2013-07-18T14-14-49.325  -0.53588563,7.9329033,6.3605733
2013-07-18T14-14-49.327  -0.68916684,8.047864,6.3988934
2013-07-18T14-14-49.344  -0.61252624,8.239466,6.3988934
2013-07-18T14-14-49.345  -0.8424481,8.239466,6.1306515
2013-07-18T14-14-49.362  -0.57420594,8.392747,6.437214
2013-07-18T14-14-49.364  -0.8041278,8.469388,6.207292
