2013-07-18T09-05-01.265  2.7596612,11.764935,-0.19220032
2013-07-18T09-05-01.268  -2.6051824,-0.1910028,4.4828777
2013-07-18T09-05-01.276  -2.0303779,-0.57420594,3.3332684
2013-07-18T09-05-01.293  -1.3406122,-1.1106904,2.413581
2013-07-18T09-05-01.295  -0.26764342,-1.8387762,0.8807684
2013-07-18T09-05-01.310  -0.11436218,-1.9154168,-0.42212218
2013-07-18T09-05-01.312  0.65204406,-2.566862,0.57420594
2013-07-18T09-05-01.328  0.8053253,-2.7967842,0.30596375
2013-07-18T09-05-01.330  1.0735675,-2.4519012,-0.34548157
2013-07-18T09-05-01.344  1.8782941,-2.29862,1.8387762
2013-07-18T09-05-01.346  2.721341,-1.9154168,0.03772156
2013-07-18T09-05-01.361  4.5223956,-1.7238153,0.03772156
2013-07-18T09-05-01.364  6.7449737,-1.0340496,0.8807684
2013-07-18T09-05-01.377  9.235794,0.19220032,-0.8053253
2013-07-18T09-05-01.379  12.033176,1.38013,-0.61372375
2013-07-18T09-05-01.394  14.485677,2.8363018,-0.72868466
2013-07-18T09-05-01.397  16.976498,4.9055986,-2.4147785
2013-07-18T09-05-01.399  19.352356,6.170169,-2.3764582
2013-07-18T09-05-01.412  19.543959,7.1281767,-3.2578254
2013-07-18T09-05-01.413  19.543959,8.507709,-4.8672786
2013-07-18T09-05-01.429  19.543959,9.274115,-5.901927
2013-07-18T09-05-01.431  19.543959,10.232122,-7.1281767
2013-07-18T09-05-01.446  19.543959,10.730287,-7.396419
2013-07-18T09-05-01.448  19.543959,10.806927,-7.4730597
2013-07-18T09-05-01.462  19.543959,10.845247,-7.2048173
2013-07-18T09-05-01.464  19.543959,10.806927,-6.170169
2013-07-18T09-05-01.477  19.543959,11.381732,-4.4840755
2013-07-18T09-05-01.478  19.543959,11.496693,-2.1465364
2013-07-18T09-05-01.494  19.543959,13.029505,0.9957294
2013-07-18T09-05-01.495  18.777552,13.067825,4.636159
2013-07-18T09-05-01.513  16.440012,13.451029,8.161628
2013-07-18T09-05-01.514  13.412708,13.949192,11.112292
2013-07-18T09-05-01.535  10.691966,14.102474,13.37319
2013-07-18T09-05-01.537  7.3197784,14.217435,15.135924
2013-07-18T09-05-01.538  4.215833,13.949192,18.086588
2013-07-18T09-05-01.541  1.2268487,13.60431,19.46612
2013-07-18T09-05-01.549  -2.29862,12.876224,19.581081
2013-07-18T09-05-01.571  -4.75112,12.071497,19.581081
2013-07-18T09-05-01.572  -7.0886593,11.420052,19.581081
2013-07-18T09-05-01.574  -8.966354,10.960208,19.581081
2013-07-18T09-05-01.581  -10.652448,10.615325,19.581081
2013-07-18T09-05-01.595  -11.840378,10.615325,19.581081
2013-07-18T09-05-01.597  -13.37319,9.96388,19.581081
2013-07-18T09-05-01.617  -13.641433,9.887239,19.581081
2013-07-18T09-05-01.619  -13.258229,9.695638,19.581081
2013-07-18T09-05-01.636  -11.993659,10.040521,19.581081
2013-07-18T09-05-01.637  -10.115964,10.193802,18.738033
2013-07-18T09-05-01.639  -8.199948,10.040521,18.086588
2013-07-18T09-05-01.646  -6.9353776,9.887239,16.9753
2013-07-18T09-05-01.671  -5.4408855,10.730287,15.442487
2013-07-18T09-05-01.672  -4.367917,9.96388,14.101276
2013-07-18T09-05-01.673  -3.5631902,9.657317,11.802057
2013-07-18T09-05-01.677  -2.7201433,9.235794,9.6178
2013-07-18T09-05-01.703  -2.1453388,8.584349,7.8550653
2013-07-18T09-05-01.705  -1.8770965,8.124505,6.590495
2013-07-18T09-05-01.706  -1.4172528,7.626341,5.364245
2013-07-18T09-05-01.717  -0.9574091,7.051536,4.367917
2013-07-18T09-05-01.718  -0.65084654,6.668333,3.6015105
2013-07-18T09-05-01.735  -0.4975653,6.32345,3.2566278
2013-07-18T09-05-01.737  -0.459245,5.518724,3.294948
2013-07-18T09-05-01.752  -0.34428406,5.173841,3.2566278
2013-07-18T09-05-01.753  -0.22932312,4.5223956,3.294948
2013-07-18T09-05-01.768  1.0735675,4.4074345,3.294948
2013-07-18T09-05-01.778  2.2998176,4.1775126,2.7967842
2013-07-18T09-05-01.789  2.9512627,3.449427,1.9920574
2013-07-18T09-05-01.790  3.1045442,3.4111066,0.7274872
2013-07-18T09-05-01.792  3.2578254,2.6830206,-0.07723938
2013-07-18T09-05-01.798  3.602708,2.223177,-0.65204406
2013-07-18T09-05-01.816  4.100872,2.223177,-1.0352472
2013-07-18T09-05-01.818  4.7139974,1.8399738,-1.1502081
2013-07-18T09-05-01.834  4.8672786,1.6483722,-1.3034893
2013-07-18T09-05-01.835  5.2888017,1.4184504,-1.495091
2013-07-18T09-05-01.854  5.02056,1.0352472,-1.9166144
2013-07-18T09-05-01.856  5.212161,1.3418097,-2.108216
2013-07-18T09-05-01.857  5.2504816,1.0352472,-2.108216
2013-07-18T09-05-01.874  5.672005,0.92028624,-2.491419
2013-07-18T09-05-01.875  6.170169,1.6483722,-2.60638
2013-07-18T09-05-01.879  7.51138,1.8399738,-2.6830206
2013-07-18T09-05-01.886  7.971224,2.0698957,-2.5297394
2013-07-18T09-05-01.905  8.239466,2.2614973,-2.5680597
2013-07-18T09-05-01.907  8.239466,2.2998176,-2.5297394
2013-07-18T09-05-01.921  7.5497003,2.874622,-1.9549347
2013-07-18T09-05-01.923  7.7029815,2.4147785,-1.6483722
2013-07-18T09-05-01.946  7.7029815,2.0315752,-1.495091
2013-07-18T09-05-01.947  7.243138,2.491419,-0.8053253
2013-07-18T09-05-01.969  7.0898566,3.0279036,-0.30716124
2013-07-18T09-05-01.970  6.783294,3.2578254,0.4209247
