2013-07-18T14-31-04.231  13.144466,-2.4519012,-2.4530988
2013-07-18T14-31-04.234  16.478333,-1.2256513,-3.6793487
2013-07-18T14-31-04.239  19.467318,-1.1490107,-5.7103252
2013-07-18T14-31-04.248  19.543959,-0.07604187,-7.3197784
2013-07-18T14-31-04.264  19.58228,0.69036436,-7.243138
2013-07-18T14-31-04.265  19.543959,1.8782941,-5.4420834
2013-07-18T14-31-04.281  19.543959,3.6793487,-0.84364563
2013-07-18T14-31-04.283  19.543959,5.403763,2.4519012
2013-07-18T14-31-04.305  19.543959,7.4730597,3.141667
2013-07-18T14-31-04.307  19.543959,8.469388,5.1726437
2013-07-18T14-31-04.308  19.543959,9.887239,1.3406122
2013-07-18T14-31-04.311  19.543959,9.810598,-0.15388
2013-07-18T14-31-04.331  19.543959,10.538685,-1.1502081
2013-07-18T14-31-04.332  19.543959,10.691966,-4.215833
2013-07-18T14-31-04.360  19.543959,10.845247,-5.173841
2013-07-18T14-31-04.362  19.543959,10.883568,-6.2468095
2013-07-18T14-31-04.363  19.58228,11.343411,-8.162826
2013-07-18T14-31-04.364  19.543959,10.577005,-8.162826
2013-07-18T14-31-04.367  19.543959,10.347083,-9.005872
2013-07-18T14-31-04.383  19.543959,9.657317,-9.312435
2013-07-18T14-31-04.384  19.543959,9.235794,-8.929232
2013-07-18T14-31-04.401  19.543959,9.5423565,-9.159153
2013-07-18T14-31-04.403  19.543959,8.584349,-10.308763
2013-07-18T14-31-04.417  19.543959,8.66099,-11.381732
2013-07-18T14-31-04.418  19.543959,8.124505,-12.569661
2013-07-18T14-31-04.435  19.543959,7.588021,-12.531341
2013-07-18T14-31-04.437  19.543959,7.6646614,-12.1098175
2013-07-18T14-31-04.452  19.543959,7.2048173,-12.569661
2013-07-18T14-31-04.454  19.543959,6.7066536,-12.33974
2013-07-18T14-31-04.468  19.314035,6.3617706,-11.15181
2013-07-18T14-31-04.470  17.627943,5.518724,-10.538685
2013-07-18T14-31-04.488  15.903528,5.2888017,-8.699309
2013-07-18T14-31-04.489  14.102474,4.4074345,-7.51138
2013-07-18T14-31-04.490  12.531341,4.1775126,-5.672005
2013-07-18T14-31-04.501  11.573333,3.7943096,-3.449427
2013-07-18T14-31-04.504  10.6536455,3.1428645,-1.9166144
2013-07-18T14-31-04.516  9.695638,2.3381379,-0.72868466
2013-07-18T14-31-04.519  8.354427,1.6100519,0.30596375
2013-07-18T14-31-04.533  6.9748955,-0.03772156,1.2639716
2013-07-18T14-31-04.535  5.05888,-1.6088544,2.4902215
2013-07-18T14-31-04.552  3.9859114,-3.141667,3.7931123
2013-07-18T14-31-04.553  3.219505,-5.1726437,4.636159
2013-07-18T14-31-04.570  1.9166144,-7.20362,5.709128
2013-07-18T14-31-04.572  0.9969269,-8.39155,7.20362
2013-07-18T14-31-04.590  0.23052064,-9.004675,8.123307
2013-07-18T14-31-04.592  -0.38260436,-8.928034,8.621471
2013-07-18T14-31-04.593  -0.07604187,-8.774753,8.3532295
2013-07-18T14-31-04.599  0.69036436,-8.238269,8.506511
2013-07-18T14-31-04.625  1.5334113,-7.740104,9.311237
2013-07-18T14-31-04.626  2.3764582,-7.2802606,9.464519
2013-07-18T14-31-04.627  3.5643878,-6.590495,10.115964
2013-07-18T14-31-04.632  4.6373568,-6.5138545,9.8094015
2013-07-18T14-31-04.653  4.9822392,-6.207292,9.541159
2013-07-18T14-31-04.654  5.672005,-6.1306515,9.502839
2013-07-18T14-31-04.657  5.748646,-6.1689715,9.69444
2013-07-18T14-31-04.671  5.8636065,-6.3222528,9.771081
2013-07-18T14-31-04.673  5.5953646,-6.5138545,9.119636
2013-07-18T14-31-04.690  5.327122,-6.7437763,8.238269
2013-07-18T14-31-04.692  4.828958,-7.1269794,6.6671357
2013-07-18T14-31-04.704  4.7139974,-6.820417,6.0156903
2013-07-18T14-31-04.705  4.1391926,-6.973698,5.364245
2013-07-18T14-31-04.719  3.0662239,-6.590495,5.5941668
2013-07-18T14-31-04.721  2.7979815,-6.590495,5.5558467
2013-07-18T14-31-04.739  1.9166144,-6.092331,5.0576825
2013-07-18T14-31-04.740  0.61372375,-5.9390497,4.8660808
2013-07-18T14-31-04.756  -0.22932312,-5.325925,4.4445577
2013-07-18T14-31-04.759  -1.5705341,-5.2492843,3.3715887
2013-07-18T14-31-04.776  -2.566862,-5.2492843,2.0303779
2013-07-18T14-31-04.777  -2.9883857,-5.0576825,0.9957294
2013-07-18T14-31-04.793  -3.5631902,-4.8277607,-0.42212218
2013-07-18T14-31-04.794  -4.061354,-4.9427214,-2.108216
2013-07-18T14-31-04.810  -3.7931123,-5.364245,-3.7559893
2013-07-18T14-31-04.811  -3.026706,-6.092331,-5.9785676
2013-07-18T14-31-04.812  -0.9957294,-6.3605733,-7.588021
2013-07-18T14-31-04.816  1.495091,-5.4408855,-9.504036
2013-07-18T14-31-04.824  4.445755,-4.4828777,-10.347083
2013-07-18T14-31-04.838  6.515052,-3.2183075,-11.343411
2013-07-18T14-31-04.843  8.0861845,-1.8004559,-12.148138
2013-07-18T14-31-04.860  10.232122,-1.2639716,-12.991184
2013-07-18T14-31-04.862  12.263099,-1.3406122,-13.60431
2013-07-18T14-31-04.881  14.294075,-1.2256513,-14.102474
2013-07-18T14-31-04.882  16.440012,-1.0340496,-14.523997
2013-07-18T14-31-04.883  18.815872,-0.4209247,-13.910872
2013-07-18T14-31-04.889  19.543959,0.34548157,-13.259427
2013-07-18T14-31-04.908  19.543959,0.95860654,-12.531341
2013-07-18T14-31-04.909  19.543959,1.38013,-12.33974
2013-07-18T14-31-04.923  19.543959,1.8399738,-12.876224
2013-07-18T14-31-04.924  19.543959,1.993255,-12.952865
2013-07-18T14-31-04.943  19.543959,1.5717316,-13.144466
2013-07-18T14-31-04.944  19.543959,2.8363018,-12.33974
2013-07-18T14-31-04.960  19.543959,1.9549347,-11.803255
2013-07-18T14-31-04.963  19.543959,2.2614973,-11.994857
2013-07-18T14-31-04.964  19.543959,2.5297394,-11.764935
2013-07-18T14-31-04.981  19.543959,2.3381379,-11.764935
2013-07-18T14-31-04.982  19.543959,2.6447003,-11.036849
2013-07-18T14-31-04.985  19.543959,2.3381379,-9.695638
2013-07-18T14-31-04.993  19.543959,2.223177,-8.124505
2013-07-18T14-31-05.010  19.543959,1.9549347,-7.013216
2013-07-18T14-31-05.011  19.352356,1.8016534,-5.8636065
2013-07-18T14-31-05.025  17.857864,1.6866925,-4.7523174
2013-07-18T14-31-05.026  16.248411,1.2268487,-4.0242314
2013-07-18T14-31-05.048  14.753919,1.1118878,-3.1811848
2013-07-18T14-31-05.050  13.451029,0.767005,-2.5297394
2013-07-18T14-31-05.051  12.607982,0.4604425,-1.6100519
2013-07-18T14-31-05.057  11.343411,0.53708315,-0.92028624
2013-07-18T14-31-05.076  10.423724,0.34548157,-0.11555969
2013-07-18T14-31-05.077  9.810598,0.30716124,0.7274872
2013-07-18T14-31-05.096  9.159153,0.23052064,1.5705341
2013-07-18T14-31-05.099  8.77595,0.4604425,2.1070185
2013-07-18T14-31-05.119  8.239466,-0.07604187,2.183659
2013-07-18T14-31-05.120  7.51138,-0.1910028,2.6435027
2013-07-18T14-31-05.121  6.9748955,-0.03772156,2.911745
2013-07-18T14-31-05.127  6.3617706,0.15388,3.5631902
2013-07-18T14-31-05.130  5.940247,0.11555969,3.9080732
2013-07-18T14-31-05.158  5.2504816,0.23052064,4.4445577
2013-07-18T14-31-05.159  4.828958,0.19220032,4.9427214
2013-07-18T14-31-05.160  4.5223956,0.15388,4.981042
2013-07-18T14-31-05.162  3.9092705,0.03891907,5.5558467
