2013-07-18T14-33-34.370  -6.245612,14.485677,11.802057
2013-07-18T14-33-34.388  19.543959,-13.718073,8.199948
2013-07-18T14-33-34.389  19.543959,-11.763737,8.6981125
2013-07-18T14-33-34.407  19.543959,-9.196277,8.583151
2013-07-18T14-33-34.408  19.543959,-6.973698,6.8970575
2013-07-18T14-33-34.409  19.543959,-4.7127995,3.754792
2013-07-18T14-33-34.412  19.543959,-3.026706,2.7201433
2013-07-18T14-33-34.420  19.543959,-1.6088544,0.7274872
2013-07-18T14-33-34.434  19.543959,-1.1490107,-1.9166144
2013-07-18T14-33-34.436  19.543959,-0.53588563,-0.95860654
2013-07-18T14-33-34.453  19.543959,0.03891907,-4.560716
2013-07-18T14-33-34.456  19.543959,0.65204406,-6.515052
2013-07-18T14-33-34.473  19.543959,1.0352472,-7.358099
2013-07-18T14-33-34.475  19.543959,1.8016534,-9.92556
2013-07-18T14-33-34.476  19.543959,1.9166144,-9.082513
2013-07-18T14-33-34.484  19.543959,1.38013,-7.7029815
2013-07-18T14-33-34.501  19.543959,0.11555969,-7.7029815
2013-07-18T14-33-34.502  19.543959,-1.3406122,-5.403763
2013-07-18T14-33-34.523  19.543959,-2.5285418,-4.790638
2013-07-18T14-33-34.525  19.543959,-3.026706,-4.8672786
2013-07-18T14-33-34.538  19.543959,-3.1799872,-3.6410284
2013-07-18T14-33-34.539  19.543959,-3.2183075,-3.7943096
2013-07-18T14-33-34.553  19.543959,-3.026706,-4.062552
2013-07-18T14-33-34.554  19.543959,-2.9500654,-3.5643878
2013-07-18T14-33-34.558  19.390676,-2.681823,-4.5223956
2013-07-18T14-33-34.572  18.317709,-2.4902215,-4.675677
2013-07-18T14-33-34.574  17.206419,-2.681823,-4.445755
2013-07-18T14-33-34.589  15.750247,-3.5631902,-4.675677
2013-07-18T14-33-34.591  14.370716,-5.019362,-3.6793487
2013-07-18T14-33-34.607  11.994857,-6.3988934,-2.4147785
2013-07-18T14-33-34.609  9.92556,-7.1653,-1.7250128
2013-07-18T14-33-34.621  7.588021,-7.701784,-0.26884094
2013-07-18T14-33-34.622  6.055208,-8.008347,0.7658075
2013-07-18T14-33-34.642  4.5223956,-8.46819,1.9537371
2013-07-18T14-33-34.643  3.4877472,-8.889713,3.2183075
2013-07-18T14-33-34.658  1.993255,-9.157956,4.1763153
2013-07-18T14-33-34.659  1.0352472,-9.771081,5.0960026
2013-07-18T14-33-34.673  0.15388,-11.188932,6.6671357
2013-07-18T14-33-34.674  -1.4172528,-13.37319,7.8550653
2013-07-18T14-33-34.690  -4.252956,-14.484479,9.541159
2013-07-18T14-33-34.691  -7.5101824,-14.829362,10.844049
2013-07-18T14-33-34.711  -9.8094015,-14.829362,11.227253
2013-07-18T14-33-34.712  -11.303893,-14.944324,11.035651
2013-07-18T14-33-34.733  -11.342214,-15.097605,10.729089
2013-07-18T14-33-34.733  -10.729089,-14.446159,10.384206
2013-07-18T14-33-34.734  -9.847721,-13.449831,10.307566
2013-07-18T14-33-34.735  -8.3532295,-12.338542,10.345885
2013-07-18T14-33-34.741  -6.8970575,-11.457174,10.767409
2013-07-18T14-33-34.755  -5.9390497,-10.4991665,10.844049
2013-07-18T14-33-34.760  -5.517526,-9.65612,10.920691
2013-07-18T14-33-34.801  -6.0540104,-9.579479,11.073972
2013-07-18T14-33-34.802  -6.820417,-9.349558,10.805729
2013-07-18T14-33-34.803  -7.433542,-9.464519,10.269245
2013-07-18T14-33-34.804  -7.586823,-9.73276,9.579479
2013-07-18T14-33-34.806  -7.318581,-9.962683,8.39155
2013-07-18T14-33-34.807  -6.5521746,-10.460847,7.20362
2013-07-18T14-33-34.832  -5.97737,-10.460847,5.8240886
2013-07-18T14-33-34.834  -4.5595183,-10.652448,4.6744795
2013-07-18T14-33-34.834  -2.0303779,-11.035651,3.1033466
2013-07-18T14-33-34.838  0.72868466,-10.805729,1.5705341
2013-07-18T14-33-34.864  4.599036,-9.886042,0.38260436
2013-07-18T14-33-34.866  10.0022,-8.889713,-0.38380188
2013-07-18T14-33-34.867  15.328724,-6.858737,-0.42212218
2013-07-18T14-33-34.870  19.122435,-4.9044013,-0.84364563
2013-07-18T14-33-34.879  19.543959,-2.9500654,-1.4567707
2013-07-18T14-33-34.898  19.543959,0.07723938,-1.8399738
2013-07-18T14-33-34.899  19.543959,2.1848567,-0.95860654
2013-07-18T14-33-34.902  19.543959,4.100872,1.0340496
2013-07-18T14-33-34.910  19.543959,5.3654423,3.026706
2013-07-18T14-33-34.926  19.543959,6.8216143,6.092331
2013-07-18T14-33-34.928  19.543959,8.890911,9.234596
2013-07-18T14-33-34.954  19.543959,10.040521,12.261901
2013-07-18T14-33-34.956  19.543959,11.381732,13.41151
2013-07-18T14-33-34.957  19.543959,10.845247,14.369518
2013-07-18T14-33-34.959  19.543959,11.305091,14.906003
2013-07-18T14-33-34.987  19.543959,10.117161,14.752722
2013-07-18T14-33-34.989  19.543959,8.73763,15.480807
2013-07-18T14-33-34.990  19.543959,8.967552,16.247213
2013-07-18T14-33-34.992  19.390676,7.741302,15.940651
2013-07-18T14-33-35.022  17.39802,6.783294,16.515455
2013-07-18T14-33-35.023  15.328724,6.515052,16.630417
2013-07-18T14-33-35.023  13.910872,6.170169,16.400496
2013-07-18T14-33-35.042  13.067825,5.518724,15.71073
2013-07-18T14-33-35.043  12.1098175,4.9822392,14.867682
2013-07-18T14-33-35.063  11.305091,4.215833,14.56112
2013-07-18T14-33-35.064  10.078841,3.83263,14.216237
2013-07-18T14-33-35.086  9.082513,3.219505,13.488152
2013-07-18T14-33-35.087  8.009544,2.9129424,12.951667
2013-07-18T14-33-35.088  7.0898566,1.993255,11.993659
2013-07-18T14-33-35.088  6.438411,1.0352472,10.729089
