2013-07-18T14-46-14.942  9.005872,-8.238269,-3.9859114
2013-07-18T14-46-14.945  6.630013,4.2541533,5.4025655
2013-07-18T14-46-14.949  6.515052,4.2541533,5.4025655
2013-07-18T14-46-14.962  6.5916924,4.2541533,5.2876043
2013-07-18T14-46-14.964  6.5916924,4.062552,5.4408855
2013-07-18T14-46-14.981  6.859935,4.2541533,5.4408855
2013-07-18T14-46-14.983  6.8216143,4.1391926,5.019362
2013-07-18T14-46-15.001  7.166497,4.215833,6.207292
2013-07-18T14-46-15.003  7.013216,4.1775126,4.636159
2013-07-18T14-46-15.005  6.5916924,4.062552,5.134323
2013-07-18T14-46-15.012  7.013216,4.100872,6.437214
2013-07-18T14-46-15.038  6.7066536,4.2541533,4.406237
2013-07-18T14-46-15.039  6.668333,3.8709502,5.6708074
2013-07-18T14-46-15.040  6.515052,3.9092705,5.862409
2013-07-18T14-46-15.043  6.5533724,3.9475908,4.78944
2013-07-18T14-46-15.063  6.7449737,4.0242314,5.7857685
2013-07-18T14-46-15.065  6.8216143,3.83263,5.2109637
2013-07-18T14-46-15.082  6.8216143,3.9859114,4.597839
2013-07-18T14-46-15.084  6.8216143,3.9092705,5.4408855
2013-07-18T14-46-15.085  6.5916924,3.8709502,4.406237
2013-07-18T14-46-15.096  6.476732,3.6410284,4.636159
2013-07-18T14-46-15.099  6.28513,3.7943096,4.9044013
2013-07-18T14-46-15.112  6.2084894,3.6410284,4.214636
2013-07-18T14-46-15.115  6.2084894,3.6410284,4.7127995
2013-07-18T14-46-15.129  6.0935283,3.334466,4.7127995
2013-07-18T14-46-15.131  6.32345,3.4877472,4.214636
2013-07-18T14-46-15.152  6.630013,3.1811848,4.636159
2013-07-18T14-46-15.153  6.898255,3.3727863,4.214636
2013-07-18T14-46-15.159  6.9748955,3.4111066,4.0996747
2013-07-18T14-46-15.164  7.6646614,3.334466,4.3295965
2013-07-18T14-46-15.183  8.162826,3.1811848,4.023034
2013-07-18T14-46-15.184  8.890911,3.3727863,4.0996747
2013-07-18T14-46-15.201  10.232122,3.1811848,3.9463935
2013-07-18T14-46-15.202  12.263099,3.1045442,3.52487
2013-07-18T14-46-15.220  14.983841,2.989583,3.7931123
2013-07-18T14-46-15.221  18.279388,3.8709502,4.3295965
2013-07-18T14-46-15.222  19.543959,4.062552,5.2492843
2013-07-18T14-46-15.228  19.543959,4.445755,6.820417
2013-07-18T14-46-15.236  19.543959,4.8672786,7.8550653
2013-07-18T14-46-15.249  19.543959,5.05888,8.314909
2013-07-18T14-46-15.252  19.543959,4.943919,8.774753
2013-07-18T14-46-15.264  19.543959,4.445755,9.004675
2013-07-18T14-46-15.268  19.543959,3.83263,9.234596
2013-07-18T14-46-15.281  19.543959,3.602708,9.349558
2013-07-18T14-46-15.284  19.543959,3.5260675,9.771081
2013-07-18T14-46-15.305  19.543959,3.3727863,10.269245
2013-07-18T14-46-15.307  19.58228,2.7979815,10.729089
2013-07-18T14-46-15.318  19.543959,2.0698957,10.767409
2013-07-18T14-46-15.319  19.543959,1.5334113,10.959011
2013-07-18T14-46-15.336  19.543959,0.92028624,11.150612
2013-07-18T14-46-15.337  19.543959,5.987549E-4,11.227253
2013-07-18T14-46-15.352  19.543959,-0.4975653,11.112292
2013-07-18T14-46-15.353  19.199076,-0.8041278,10.690768
2013-07-18T14-46-15.369  18.049465,-0.9574091,10.345885
2013-07-18T14-46-15.370  16.325052,-1.1106904,9.65612
2013-07-18T14-46-15.390  14.983841,-1.8770965,9.119636
2013-07-18T14-46-15.391  13.029505,-2.0686982,8.199948
2013-07-18T14-46-15.392  10.845247,-2.413581,7.0886593
2013-07-18T14-46-15.396  8.507709,-2.8351045,5.900729
2013-07-18T14-46-15.404  6.0168877,-3.4865496,4.597839
2013-07-18T14-46-15.421  3.2961457,-3.9847138,3.5631902
2013-07-18T14-46-15.423  0.53708315,-3.9847138,2.8734248
2013-07-18T14-46-15.438  -1.8770965,-3.7931123,2.911745
2013-07-18T14-46-15.439  -4.0996747,-3.4865496,3.5631902
2013-07-18T14-46-15.452  -5.709128,-2.8734248,4.4445577
2013-07-18T14-46-15.453  -6.5521746,-2.4519012,5.2109637
2013-07-18T14-46-15.469  -7.0503387,-2.0686982,4.597839
2013-07-18T14-46-15.470  -6.973698,-2.1070185,3.5631902
2013-07-18T14-46-15.489  -7.1269794,-2.7201433,2.2602997
2013-07-18T14-46-15.490  -6.820417,-2.9883857,1.3022919
2013-07-18T14-46-15.503  -6.7437763,-3.2566278,0.38260436
2013-07-18T14-46-15.504  -6.3988934,-3.9080732,-0.03891907
2013-07-18T14-46-15.522  -5.709128,-4.061354,0.61252624
2013-07-18T14-46-15.523  -4.9427214,-4.78944,1.2639716
2013-07-18T14-46-15.539  -4.5211983,-5.4025655,2.6435027
2013-07-18T14-46-15.542  -3.9463935,-6.1689715,3.869753
2013-07-18T14-46-15.543  -4.5595183,-6.9353776,4.981042
2013-07-18T14-46-15.561  -5.7857685,-7.701784,5.97737
2013-07-18T14-46-15.562  -6.628815,-7.8550653,7.0503387
2013-07-18T14-46-15.565  -7.6634636,-8.199948,7.7784247
2013-07-18T14-46-15.573  -8.084988,-8.238269,8.544831
2013-07-18T14-46-15.591  -8.659792,-8.659792,9.234596
2013-07-18T14-46-15.592  -8.659792,-8.3532295,9.541159
2013-07-18T14-46-15.611  -9.464519,-8.39155,9.387877
2013-07-18T14-46-15.612  -10.077643,-7.740104,8.851394
2013-07-18T14-46-15.629  -10.575808,-7.6634636,7.816745
2013-07-18T14-46-15.630  -11.035651,-7.318581,6.705456
2013-07-18T14-46-15.631  -11.227253,-7.2419405,5.517526
2013-07-18T14-46-15.637  -10.88237,-7.2802606,4.597839
2013-07-18T14-46-15.664  -10.384206,-6.8970575,3.9847138
2013-07-18T14-46-15.665  -9.426198,-6.5138545,3.9463935
2013-07-18T14-46-15.666  -8.851394,-6.5521746,3.9463935
2013-07-18T14-46-15.670  -8.851394,-6.2839327,3.409909
2013-07-18T14-46-15.690  -9.69444,-6.092331,2.911745
2013-07-18T14-46-15.691  -11.112292,-6.3988934,2.4902215
2013-07-18T14-46-15.694  -12.261901,-6.820417,1.9920574
2013-07-18T14-46-15.707  -13.028308,-6.9353776,1.8004559
2013-07-18T14-46-15.709  -12.491823,-7.3952217,2.0303779
2013-07-18T14-46-15.724  -11.2655735,-7.548503,2.4902215
2013-07-18T14-46-15.726  -8.238269,-7.1269794,2.566862
2013-07-18T14-46-15.739  -5.2109637,-6.437214,2.0686982
2013-07-18T14-46-15.742  -1.7621356,-5.862409,1.5322137
2013-07-18T14-46-15.756  0.84364563,-5.97737,0.34428406
2013-07-18T14-46-15.758  2.9512627,-6.1306515,-0.767005
2013-07-18T14-46-15.773  5.05888,-5.747448,-2.0315752
2013-07-18T14-46-15.774  7.51138,-6.628815,-2.4147785
2013-07-18T14-46-15.793  10.155481,-7.701784,-1.5334113
2013-07-18T14-46-15.794  12.914544,-8.813073,-0.72868466
2013-07-18T14-46-15.816  16.478333,-9.426198,-5.987549E-4
2013-07-18T14-46-15.817  19.428997,-10.652448,0.8041278
2013-07-18T14-46-15.817  19.543959,-11.917019,1.9537371
2013-07-18T14-46-15.822  19.543959,-12.836706,2.911745
2013-07-18T14-46-15.844  19.543959,-12.913346,3.9463935
2013-07-18T14-46-15.848  19.543959,-12.0703,5.1726437
2013-07-18T14-46-15.849  19.543959,-11.035651,6.628815
2013-07-18T14-46-15.860  19.543959,-10.1542845,7.701784
2013-07-18T14-46-15.862  19.543959,-9.579479,8.238269
2013-07-18T14-46-15.876  19.543959,-9.196277,8.583151
2013-07-18T14-46-15.878  19.543959,-9.272917,8.161628
2013-07-18T14-46-15.893  19.543959,-9.349558,8.046667
2013-07-18T14-46-15.894  19.543959,-9.349558,7.548503
2013-07-18T14-46-15.914  19.543959,-9.119636,7.3952217
2013-07-18T14-46-15.915  19.543959,-8.583151,6.7437763
2013-07-18T14-46-15.929  19.543959,-8.199948,5.479206
2013-07-18T14-46-15.931  19.543959,-7.7784247,4.597839
2013-07-18T14-46-15.947  19.543959,-7.816745,3.869753
2013-07-18T14-46-15.950  19.543959,-8.238269,3.6398308
2013-07-18T14-46-15.988  19.543959,-8.659792,3.3332684
2013-07-18T14-46-15.989  19.543959,-9.119636,3.4482293
2013-07-18T14-46-15.991  19.543959,-9.081315,4.061354
2013-07-18T14-46-15.991  19.543959,-8.813073,4.406237
2013-07-18T14-46-15.992  19.543959,-8.6981125,4.7127995
2013-07-18T14-46-15.993  19.543959,-8.506511,4.9044013
2013-07-18T14-46-15.998  19.543959,-8.314909,4.597839
2013-07-18T14-46-16.013  19.390676,-8.314909,4.3295965
2013-07-18T14-46-16.014  17.43634,-7.931706,3.869753
2013-07-18T14-46-16.035  14.255755,-7.816745,3.4865496
2013-07-18T14-46-16.036  11.305091,-7.816745,3.1799872
2013-07-18T14-46-16.038  8.277786,-7.356901,2.9883857
2013-07-18T14-46-16.046  5.5953646,-7.1653,2.8351045
2013-07-18T14-46-16.067  3.4877472,-7.012018,2.9500654
2013-07-18T14-46-16.070  1.6100519,-6.6671357,2.911745
2013-07-18T14-46-16.082  0.26884094,-6.2839327,2.6435027
2013-07-18T14-46-16.084  -0.68916684,-6.1689715,2.3752606
2013-07-18T14-46-16.098  -1.8387762,-6.0540104,2.2602997
2013-07-18T14-46-16.100  -2.9500654,-5.97737,2.566862
2013-07-18T14-46-16.115  -4.5211983,-6.3988934,3.2183075
2013-07-18T14-46-16.116  -6.5521746,-6.7437763,4.214636
2013-07-18T14-46-16.133  -8.39155,-7.2419405,5.517526
2013-07-18T14-46-16.134  -10.192604,-7.6251435,7.20362
2013-07-18T14-46-16.161  -11.533815,-8.238269,8.544831
2013-07-18T14-46-16.162  -13.181589,-8.42987,9.8094015
2013-07-18T14-46-16.163  -13.986316,-8.928034,11.112292
2013-07-18T14-46-16.164  -14.56112,-9.311237,12.530144
2013-07-18T14-46-16.167  -15.327526,-9.924362,14.331198
2013-07-18T14-46-16.183  -15.71073,-10.307566,16.055613
2013-07-18T14-46-16.186  -15.82569,-10.384206,17.933308
2013-07-18T14-46-16.204  -15.940651,-10.039323,19.044596
2013-07-18T14-46-16.205  -15.74905,-9.579479,19.121237
2013-07-18T14-46-16.218  -15.404167,-8.621471,18.009949
2013-07-18T14-46-16.220  -15.135924,-8.42987,16.093933
2013-07-18T14-46-16.235  -14.254558,-7.6251435,13.679752
2013-07-18T14-46-16.236  -13.028308,-7.8550653,11.840378
2013-07-18T14-46-16.252  -11.917019,-7.7784247,10.575808
2013-07-18T14-46-16.252  -10.345885,-7.740104,9.69444
2013-07-18T14-46-16.266  -9.387877,-7.548503,9.541159
2013-07-18T14-46-16.266  -8.544831,-7.20362,9.579479
2013-07-18T14-46-16.286  -7.701784,-7.20362,9.349558
2013-07-18T14-46-16.288  -7.0886593,-6.7820964,8.736432
2013-07-18T14-46-16.305  -6.3988934,-6.437214,7.8933854
2013-07-18T14-46-16.306  -5.364245,-6.1689715,6.820417
2013-07-18T14-46-16.307  -4.5211983,-5.8240886,5.862409
2013-07-18T14-46-16.320  -2.8351045,-5.747448,4.9427214
2013-07-18T14-46-16.321  -0.61252624,-4.597839,3.52487
2013-07-18T14-46-16.333  1.4184504,-3.869753,2.5285418
2013-07-18T14-46-16.335  3.6793487,-2.9500654,1.8004559
2013-07-18T14-46-16.353  6.28513,-2.2602997,1.3406122
2013-07-18T14-46-16.353  9.005872,-2.1453388,1.1106904
2013-07-18T14-46-16.371  11.420052,-1.6471747,1.0340496
2013-07-18T14-46-16.371  13.834231,-0.22932312,0.459245
2013-07-18T14-46-16.391  15.788568,1.3034893,-0.38380188
2013-07-18T14-46-16.392  16.708256,2.3381379,-1.3034893
2013-07-18T14-46-16.393  18.126106,1.5717316,-1.5717316
2013-07-18T14-46-16.400  19.505638,-0.11436218,-1.4567707
2013-07-18T14-46-16.421  19.543959,-0.7274872,-2.1848567
2013-07-18T14-46-16.423  19.543959,-0.30596375,-2.3764582
2013-07-18T14-46-16.437  19.543959,0.65204406,-1.6866925
2013-07-18T14-46-16.438  19.543959,1.6866925,-0.38380188
2013-07-18T14-46-16.440  19.543959,2.60638,0.8041278
2013-07-18T14-46-16.452  19.543959,3.1811848,1.3022919
2013-07-18T14-46-16.456  19.543959,2.3764582,1.07237
2013-07-18T14-46-16.476  19.543959,0.767005,0.8424481
2013-07-18T14-46-16.477  19.543959,-0.07604187,0.1526825
2013-07-18T14-46-16.480  19.543959,-0.22932312,-0.15388
2013-07-18T14-46-16.488  19.543959,-0.4975653,-0.03891907
2013-07-18T14-46-16.504  19.543959,-0.8424481,0.03772156
2013-07-18T14-46-16.505  19.543959,-0.9957294,-0.61372375
2013-07-18T14-46-16.526  19.543959,-1.2256513,-1.9549347
2013-07-18T14-46-16.527  19.543959,-1.9537371,-3.2961457
2013-07-18T14-46-16.528  19.543959,-2.4902215,-4.0242314
2013-07-18T14-46-16.536  19.543959,-3.4482293,-4.1775126
2013-07-18T14-46-16.552  19.543959,-4.1763153,-3.83263
2013-07-18T14-46-16.554  19.543959,-5.019362,-3.5260675
2013-07-18T14-46-16.574  19.543959,-5.325925,-3.1428645
2013-07-18T14-46-16.576  19.543959,-5.325925,-3.219505
2013-07-18T14-46-16.589  19.543959,-4.981042,-3.2961457
2013-07-18T14-46-16.590  19.543959,-4.4828777,-3.83263
2013-07-18T14-46-16.611  19.505638,-4.0996747,-4.943919
2013-07-18T14-46-16.612  17.704582,-4.0996747,-5.4804034
2013-07-18T14-46-16.614  14.753919,-4.137995,-6.476732
2013-07-18T14-46-16.617  11.918216,-4.061354,-6.9365754
2013-07-18T14-46-16.625  9.580677,-4.7127995,-7.281458
2013-07-18T14-46-16.646  7.51138,-5.0960026,-7.2048173
2013-07-18T14-46-16.648  6.170169,-5.479206,-6.438411
2013-07-18T14-46-16.649  4.675677,-6.858737,-4.4840755
2013-07-18T14-46-16.657  2.4147785,-8.39155,-1.3418097
2013-07-18T14-46-16.680  0.15388,-10.039323,2.7967842
2013-07-18T14-46-16.681  -2.8351045,-11.380534,7.356901
2013-07-18T14-46-16.682  -5.6708074,-12.300221,12.261901
2013-07-18T14-46-16.689  -7.4718623,-12.836706,16.247213
2013-07-18T14-46-16.710  -8.123307,-13.41151,18.699715
2013-07-18T14-46-16.711  -8.008347,-14.062956,19.581081
2013-07-18T14-46-16.727  -6.820417,-14.982643,19.581081
2013-07-18T14-46-16.729  -5.2876043,-15.327526,19.581081
2013-07-18T14-46-16.749  -4.3295965,-15.480807,19.581081
2013-07-18T14-46-16.750  -4.406237,-14.56112,19.581081
2013-07-18T14-46-16.756  -4.9427214,-13.41151,19.581081
2013-07-18T14-46-16.763  -5.2109637,-12.223581,19.581081
2013-07-18T14-46-16.764  -5.8240886,-11.035651,19.581081
2013-07-18T14-46-16.778  -6.705456,-8.966354,19.581081
2013-07-18T14-46-16.779  -7.3952217,-7.318581,19.581081
2013-07-18T14-46-16.793  -7.1269794,-5.4025655,19.54276
2013-07-18T14-46-16.794  -7.0503387,-3.3332684,18.316511
2013-07-18T14-46-16.811  -6.5521746,-1.3406122,16.362175
2013-07-18T14-46-16.812  -5.8240886,-0.03772156,15.097605
2013-07-18T14-46-16.827  -5.0960026,0.92028624,13.29655
2013-07-18T14-46-16.828  -4.252956,1.4567707,12.14694
2013-07-18T14-46-16.845  -3.4482293,2.223177,10.537487
2013-07-18T14-46-16.845  -2.8351045,2.721341,9.119636
2013-07-18T14-46-16.860  -2.5285418,3.1428645,7.931706
2013-07-18T14-46-16.861  -1.8770965,3.6410284,7.0503387
2013-07-18T14-46-16.879  -1.6088544,4.215833,6.2839327
2013-07-18T14-46-16.879  -1.3789325,4.2541533,5.8240886
2013-07-18T14-46-16.895  -1.2256513,4.9822392,5.479206
2013-07-18T14-46-16.895  -0.68916684,4.9822392,5.2492843
2013-07-18T14-46-16.898  -0.1526825,5.2888017,5.2109637
2013-07-18T14-46-16.914  0.19220032,5.4420834,5.1726437
2013-07-18T14-46-16.916  0.53708315,5.8252864,5.1726437
2013-07-18T14-46-16.927  1.2268487,5.5953646,4.9427214
