2013-07-18T10-04-05.459  5.05888,12.722942,3.1799872
2013-07-18T10-04-05.461  0.8053253,3.1428645,9.847721
2013-07-18T10-04-05.484  0.57540345,3.1428645,10.230925
2013-07-18T10-04-05.485  0.15388,3.1045442,10.230925
2013-07-18T10-04-05.487  5.987549E-4,2.5680597,10.537487
2013-07-18T10-04-05.491  0.19220032,2.721341,10.844049
2013-07-18T10-04-05.500  0.4604425,2.491419,11.725417
2013-07-18T10-04-05.512  0.26884094,2.7979815,10.001003
2013-07-18T10-04-05.515  0.42212218,2.9129424,10.767409
2013-07-18T10-04-05.530  0.19220032,2.60638,11.380534
2013-07-18T10-04-05.532  -0.38260436,2.4530988,9.349558
2013-07-18T10-04-05.546  -0.53588563,2.223177,10.997331
2013-07-18T10-04-05.547  -1.1106904,2.2998176,10.652448
2013-07-18T10-04-05.562  -1.4172528,2.0698957,10.001003
2013-07-18T10-04-05.563  -1.6088544,1.6866925,11.227253
2013-07-18T10-04-05.581  -1.685495,1.7633331,10.039323
2013-07-18T10-04-05.582  -1.9537371,1.3418097,9.962683
2013-07-18T10-04-05.595  -1.8770965,1.0735675,10.345885
2013-07-18T10-04-05.597  -1.7238153,1.1502081,9.157956
2013-07-18T10-04-05.612  -1.8387762,0.72868466,9.541159
2013-07-18T10-04-05.613  -2.1070185,1.0735675,9.771081
2013-07-18T10-04-05.629  -2.4902215,1.1502081,9.464519
2013-07-18T10-04-05.630  -2.566862,0.9969269,10.001003
2013-07-18T10-04-05.646  -2.9500654,1.1885284,9.771081
2013-07-18T10-04-05.647  -2.911745,1.38013,9.65612
2013-07-18T10-04-05.651  -2.911745,1.1502081,9.65612
2013-07-18T10-04-05.664  -2.7967842,1.2268487,9.042995
2013-07-18T10-04-05.667  -2.911745,1.0735675,8.813073
2013-07-18T10-04-05.680  -2.566862,0.8053253,8.6981125
2013-07-18T10-04-05.683  -2.5285418,0.767005,8.3532295
2013-07-18T10-04-05.697  -2.566862,1.0352472,8.238269
2013-07-18T10-04-05.699  -2.566862,0.9969269,8.238269
2013-07-18T10-04-05.714  -2.29862,1.0735675,8.084988
2013-07-18T10-04-05.715  -2.413581,1.0352472,8.506511
2013-07-18T10-04-05.731  -2.5285418,1.3418097,8.544831
2013-07-18T10-04-05.732  -2.681823,1.3034893,8.506511
2013-07-18T10-04-05.748  -2.911745,1.1885284,8.736432
2013-07-18T10-04-05.749  -3.0650263,1.0735675,8.774753
2013-07-18T10-04-05.765  -3.141667,0.9969269,8.774753
2013-07-18T10-04-05.766  -3.2183075,0.8053253,8.6981125
2013-07-18T10-04-05.784  -3.141667,0.57540345,8.42987
2013-07-18T10-04-05.785  -3.141667,0.53708315,8.276588
2013-07-18T10-04-05.799  -2.9883857,0.34548157,8.3532295
2013-07-18T10-04-05.801  -3.2183075,0.72868466,8.199948
2013-07-18T10-04-05.804  -3.3715887,0.42212218,8.3532295
2013-07-18T10-04-05.817  -3.3332684,0.57540345,8.583151
2013-07-18T10-04-05.820  -3.141667,0.38380188,8.736432
2013-07-18T10-04-05.837  -2.911745,0.53708315,8.621471
2013-07-18T10-04-05.840  -2.4519012,0.53708315,8.276588
2013-07-18T10-04-05.844  -1.8387762,0.23052064,8.046667
2013-07-18T10-04-05.855  -1.1106904,0.69036436,8.161628
2013-07-18T10-04-05.870  -0.30596375,0.53708315,8.42987
2013-07-18T10-04-05.871  0.84364563,0.69036436,8.3532295
2013-07-18T10-04-05.884  1.9549347,0.767005,9.042995
2013-07-18T10-04-05.885  3.219505,0.9969269,9.502839
2013-07-18T10-04-05.901  4.599036,0.9969269,10.192604
2013-07-18T10-04-05.902  6.32345,1.2268487,11.418855
2013-07-18T10-04-05.919  8.431067,1.7250128,12.491823
2013-07-18T10-04-05.920  10.423724,1.6866925,13.947995
2013-07-18T10-04-05.941  11.803255,2.223177,15.212565
2013-07-18T10-04-05.943  13.067825,2.2998176,16.477135
2013-07-18T10-04-05.944  14.255755,2.4147785,17.818346
2013-07-18T10-04-05.948  15.0221615,2.3764582,18.929636
2013-07-18T10-04-05.957  15.137122,2.3381379,19.581081
2013-07-18T10-04-05.970  15.175443,1.8782941,19.581081
2013-07-18T10-04-05.973  14.6772785,1.6483722,19.581081
2013-07-18T10-04-05.985  13.834231,1.3034893,19.581081
2013-07-18T10-04-05.989  12.607982,0.767005,19.581081
2013-07-18T10-04-06.006  11.19013,0.4604425,19.581081
2013-07-18T10-04-06.008  9.848919,0.11555969,19.581081
2013-07-18T10-04-06.023  8.162826,-0.9190887,19.581081
2013-07-18T10-04-06.025  6.2468095,-1.8004559,19.581081
2013-07-18T10-04-06.037  4.292474,-2.681823,19.581081
2013-07-18T10-04-06.038  2.491419,-3.6015105,19.581081
2013-07-18T10-04-06.053  0.53708315,-4.406237,19.581081
2013-07-18T10-04-06.054  -1.2256513,-5.4408855,19.31284
2013-07-18T10-04-06.071  -3.2183075,-5.8240886,17.435143
2013-07-18T10-04-06.072  -4.78944,-6.3222528,15.289206
2013-07-18T10-04-06.094  -6.0540104,-6.6671357,13.33487
2013-07-18T10-04-06.095  -7.433542,-6.437214,11.917019
2013-07-18T10-04-06.096  -8.506511,-6.475534,10.767409
2013-07-18T10-04-06.101  -9.387877,-6.3988934,9.502839
2013-07-18T10-04-06.125  -10.077643,-5.900729,8.42987
2013-07-18T10-04-06.129  -10.307566,-5.709128,7.2419405
2013-07-18T10-04-06.131  -10.422526,-5.6708074,6.1689715
2013-07-18T10-04-06.144  -10.460847,-5.2876043,5.4408855
2013-07-18T10-04-06.146  -10.460847,-5.4025655,4.3295965
2013-07-18T10-04-06.164  -10.88237,-5.6324873,3.141667
2013-07-18T10-04-06.166  -11.227253,-5.479206,1.8770965
2013-07-18T10-04-06.168  -11.763737,-5.4408855,0.8424481
2013-07-18T10-04-06.173  -12.223581,-5.709128,0.459245
2013-07-18T10-04-06.193  -12.606784,-5.7857685,-0.42212218
2013-07-18T10-04-06.195  -13.104948,-6.092331,-0.72868466
2013-07-18T10-04-06.211  -13.33487,-6.0540104,-0.53708315
2013-07-18T10-04-06.213  -12.836706,-6.3222528,0.07604187
2013-07-18T10-04-06.230  -13.449831,-6.3605733,-0.11555969
2013-07-18T10-04-06.231  -12.951667,-6.207292,1.8770965
2013-07-18T10-04-06.233  -12.645104,-7.2802606,1.3406122
2013-07-18T10-04-06.238  -11.9553385,-7.1653,0.9190887
2013-07-18T10-04-06.255  -10.575808,-7.4718623,0.53588563
2013-07-18T10-04-06.257  -9.196277,-7.5101824,0.38260436
2013-07-18T10-04-06.262  -8.46819,-7.4718623,0.11436218
2013-07-18T10-04-06.280  -7.701784,-7.318581,0.03772156
2013-07-18T10-04-06.281  -7.1269794,-7.4718623,0.26764342
2013-07-18T10-04-06.286  -6.3222528,-7.740104,0.53588563
2013-07-18T10-04-06.293  -5.2109637,-7.6634636,1.1106904
2013-07-18T10-04-06.311  -3.9463935,-7.6634636,1.6471747
2013-07-18T10-04-06.312  -2.4902215,-7.318581,2.183659
2013-07-18T10-04-06.331  -0.11436218,-7.318581,2.413581
2013-07-18T10-04-06.332  2.8363018,-6.858737,2.9883857
2013-07-18T10-04-06.344  6.783294,-5.97737,4.4445577
2013-07-18T10-04-06.345  11.649974,-4.75112,6.3605733
2013-07-18T10-04-06.368  17.43634,-3.4865496,9.157956
2013-07-18T10-04-06.370  19.543959,-1.6088544,12.10862
2013-07-18T10-04-06.371  19.543959,0.88196594,15.519128
2013-07-18T10-04-06.374  19.543959,0.61372375,19.54276
2013-07-18T10-04-06.394  19.543959,2.2998176,19.581081
2013-07-18T10-04-06.396  19.543959,4.215833,19.581081
2013-07-18T10-04-06.411  19.543959,4.599036,19.581081
2013-07-18T10-04-06.412  19.543959,4.675677,19.581081
2013-07-18T10-04-06.414  19.543959,4.3691144,19.581081
2013-07-18T10-04-06.426  19.543959,3.2961457,19.581081
2013-07-18T10-04-06.430  19.543959,2.2998176,19.581081
2013-07-18T10-04-06.443  19.543959,0.84364563,19.581081
2013-07-18T10-04-06.446  19.543959,-0.61252624,19.082916
2013-07-18T10-04-06.463  19.314035,-2.3752606,18.04827
2013-07-18T10-04-06.464  16.09513,-3.9080732,16.898659
2013-07-18T10-04-06.484  11.994857,-5.4025655,16.362175
2013-07-18T10-04-06.485  8.967552,-6.705456,15.212565
2013-07-18T10-04-06.486  6.055208,-7.3952217,14.177917
2013-07-18T10-04-06.494  3.5260675,-7.701784,13.526471
2013-07-18T10-04-06.515  1.7250128,-7.8933854,13.33487
2013-07-18T10-04-06.517  0.38380188,-8.008347,11.533815
2013-07-18T10-04-06.530  -1.1490107,-8.621471,9.349558
2013-07-18T10-04-06.531  -2.7967842,-8.889713,6.9353776
2013-07-18T10-04-06.546  -4.78944,-8.889713,5.5941668
2013-07-18T10-04-06.547  -7.548503,-9.579479,5.2109637
2013-07-18T10-04-06.568  -11.188932,-9.6178,5.364245
2013-07-18T10-04-06.569  -13.8330345,-8.889713,5.6708074
2013-07-18T10-04-06.570  -15.365847,-8.3532295,5.709128
2013-07-18T10-04-06.582  -15.595768,-7.6634636,5.6708074
2013-07-18T10-04-06.584  -14.5227995,-7.3952217,5.2492843
2013-07-18T10-04-06.600  -13.219909,-6.628815,4.7127995
2013-07-18T10-04-06.602  -12.491823,-6.475534,4.367917
2013-07-18T10-04-06.623  -12.760065,-5.900729,3.9080732
2013-07-18T10-04-06.625  -13.37319,-5.747448,3.409909
2013-07-18T10-04-06.626  -14.599441,-5.7857685,3.52487
2013-07-18T10-04-06.631  -15.82569,-5.479206,4.061354
2013-07-18T10-04-06.662  -16.822018,-4.8660808,4.2912765
2013-07-18T10-04-06.663  -16.93698,-4.0996747,4.367917
2013-07-18T10-04-06.665  -15.9789715,-3.9463935,3.52487
2013-07-18T10-04-06.666  -14.139597,-4.0996747,1.8387762
2013-07-18T10-04-06.683  -11.687097,-4.3295965,0.9190887
2013-07-18T10-04-06.684  -9.771081,-4.367917,-1.0735675
2013-07-18T10-04-06.698  -7.4718623,-3.9080732,-0.9969269
2013-07-18T10-04-06.699  -4.8660808,-3.409909,0.26764342
2013-07-18T10-04-06.715  -1.2639716,-2.5285418,1.3022919
2013-07-18T10-04-06.716  2.8363018,-1.2639716,2.8351045
2013-07-18T10-04-06.720  7.741302,0.26884094,4.252956
2013-07-18T10-04-06.736  12.876224,2.0315752,5.5558467
2013-07-18T10-04-06.738  18.58595,3.5643878,7.012018
2013-07-18T10-04-06.756  19.543959,4.9055986,9.119636
2013-07-18T10-04-06.757  19.543959,6.28513,10.959011
2013-07-18T10-04-06.759  19.543959,7.779622,13.526471
2013-07-18T10-04-06.767  19.543959,8.66099,16.707058
2013-07-18T10-04-06.801  19.543959,8.814271,19.197878
2013-07-18T10-04-06.807  19.543959,8.431067,19.581081
2013-07-18T10-04-06.810  19.543959,6.783294,19.581081
2013-07-18T10-04-06.810  19.543959,4.292474,19.581081
2013-07-18T10-04-06.829  18.126106,1.4567707,19.044596
2013-07-18T10-04-06.830  13.182786,-1.7621356,18.04827
2013-07-18T10-04-06.831  7.013216,-4.252956,17.1669
2013-07-18T10-04-06.832  1.3418097,-5.97737,17.281862
2013-07-18T10-04-06.852  -4.367917,-7.433542,17.894987
2013-07-18T10-04-06.853  -9.541159,-8.544831,18.623074
2013-07-18T10-04-06.867  -13.41151,-8.6981125,19.159557
2013-07-18T10-04-06.868  -17.12858,-8.659792,19.581081
2013-07-18T10-04-06.873  -19.31284,-8.928034,19.581081
2013-07-18T10-04-06.890  -19.581081,-8.659792,19.581081
2013-07-18T10-04-06.891  -19.581081,-8.42987,18.086588
2013-07-18T10-04-06.896  -19.581081,-9.004675,18.354832
2013-07-18T10-04-06.904  -19.581081,-8.276588,18.354832
2013-07-18T10-04-06.916  -19.581081,-7.8933854,16.898659
2013-07-18T10-04-06.920  -19.581081,-7.433542,14.944324
2013-07-18T10-04-06.940  -19.46612,-7.3952217,13.718073
2013-07-18T10-04-06.942  -18.086588,-7.3952217,12.261901
2013-07-18T10-04-06.961  -16.285534,-7.2419405,11.342214
2013-07-18T10-04-06.963  -14.5227995,-7.0503387,10.345885
2013-07-18T10-04-06.964  -12.875027,-6.475534,9.771081
2013-07-18T10-04-06.968  -10.767409,-6.1306515,9.387877
2013-07-18T10-04-06.990  -8.736432,-5.7857685,9.157956
2013-07-18T10-04-06.992  -6.5521746,-5.517526,8.966354
2013-07-18T10-04-07.007  -4.78944,-5.479206,8.506511
2013-07-18T10-04-07.009  -3.4865496,-5.9390497,8.659792
2013-07-18T10-04-07.024  -1.685495,-6.3222528,8.199948
2013-07-18T10-04-07.025  -0.53588563,-6.628815,8.046667
2013-07-18T10-04-07.026  0.92028624,-7.3952217,7.7784247
2013-07-18T10-04-07.038  2.2998176,-7.970026,7.2419405
2013-07-18T10-04-07.041  3.6793487,-8.123307,6.1306515
2013-07-18T10-04-07.057  5.4420834,-8.161628,5.6324873
2013-07-18T10-04-07.058  6.859935,-7.2802606,5.8240886
2013-07-18T10-04-07.074  8.201145,-6.0540104,6.628815
2013-07-18T10-04-07.075  9.580677,-5.019362,7.816745
2013-07-18T10-04-07.090  11.994857,-4.2912765,7.931706
2013-07-18T10-04-07.091  14.638958,-3.1799872,6.590495
2013-07-18T10-04-07.107  17.39802,-2.3369403,4.597839
2013-07-18T10-04-07.108  19.084114,-1.8387762,3.026706
2013-07-18T10-04-07.127  19.505638,-1.7238153,1.5322137
2013-07-18T10-04-07.128  19.543959,-2.3369403,0.61252624
2013-07-18T10-04-07.141  19.543959,-2.8351045,0.26764342
2013-07-18T10-04-07.142  19.543959,-2.7967842,0.57420594
2013-07-18T10-04-07.157  19.543959,-2.8734248,1.7621356
2013-07-18T10-04-07.158  19.543959,-2.3369403,2.6051824
2013-07-18T10-04-07.175  19.543959,-2.3752606,2.6435027
2013-07-18T10-04-07.176  19.543959,-2.6051824,1.7621356
2013-07-18T10-04-07.178  19.543959,-3.294948,1.07237
2013-07-18T10-04-07.190  19.543959,-4.1763153,-0.26884094
2013-07-18T10-04-07.193  19.543959,-4.9044013,-0.65204406
2013-07-18T10-04-07.209  19.543959,-6.207292,-0.38380188
2013-07-18T10-04-07.210  19.543959,-6.7820964,0.8807684
2013-07-18T10-04-07.227  19.543959,-7.740104,2.29862
2013-07-18T10-04-07.230  19.543959,-8.966354,3.754792
2013-07-18T10-04-07.248  18.892513,-9.6178,5.0960026
2013-07-18T10-04-07.250  17.359701,-10.384206,6.628815
2013-07-18T10-04-07.265  15.098802,-10.997331,8.42987
2013-07-18T10-04-07.266  13.106146,-11.457174,10.039323
2013-07-18T10-04-07.267  11.113489,-11.802057,11.2655735
2013-07-18T10-04-07.273  8.929232,-11.840378,12.453503
2013-07-18T10-04-07.292  6.9748955,-11.725417,13.449831
2013-07-18T10-04-07.293  4.9055986,-11.802057,14.714401
2013-07-18T10-04-07.309  2.60638,-11.227253,16.477135
2013-07-18T10-04-07.310  0.88196594,-11.2655735,18.009949
2013-07-18T10-04-07.328  -0.34428406,-10.767409,19.46612
2013-07-18T10-04-07.330  -1.685495,-11.112292,19.581081
2013-07-18T10-04-07.332  -3.026706,-10.920691,19.581081
2013-07-18T10-04-07.344  -4.9044013,-10.920691,19.581081
2013-07-18T10-04-07.346  -6.705456,-10.805729,19.581081
2013-07-18T10-04-07.361  -8.6981125,-9.924362,19.581081
2013-07-18T10-04-07.363  -10.767409,-8.928034,19.581081
2013-07-18T10-04-07.376  -11.687097,-8.161628,19.581081
2013-07-18T10-04-07.378  -12.415182,-7.0886593,19.581081
2013-07-18T10-04-07.397  -11.9553385,-5.709128,19.581081
2013-07-18T10-04-07.398  -11.2655735,-4.78944,19.581081
2013-07-18T10-04-07.411  -10.4991665,-4.061354,19.389479
2013-07-18T10-04-07.412  -9.426198,-3.026706,17.473463
2013-07-18T10-04-07.436  -8.851394,-2.4519012,15.595768
2013-07-18T10-04-07.437  -8.238269,-1.4555731,14.177917
2013-07-18T10-04-07.438  -7.2419405,-0.8041278,12.951667
2013-07-18T10-04-07.442  -6.628815,-0.38260436,11.917019
2013-07-18T10-04-07.466  -5.709128,0.15388,10.767409
2013-07-18T10-04-07.467  -5.1726437,0.34548157,9.69444
2013-07-18T10-04-07.468  -4.214636,0.767005,8.851394
2013-07-18T10-04-07.480  -3.8314326,0.92028624,8.42987
2013-07-18T10-04-07.482  -3.4482293,1.4184504,8.238269
2013-07-18T10-04-07.495  -3.1799872,1.8399738,7.8933854
2013-07-18T10-04-07.498  -2.7584639,1.993255,8.046667
2013-07-18T10-04-07.512  -2.4519012,1.8399738,7.8933854
2013-07-18T10-04-07.514  -1.7621356,1.993255,7.740104
2013-07-18T10-04-07.528  -1.2639716,1.8782941,8.008347
2013-07-18T10-04-07.530  -0.7274872,1.9166144,8.084988
2013-07-18T10-04-07.545  -0.61252624,1.8016534,8.39155
2013-07-18T10-04-07.546  -0.38260436,1.6100519,8.659792
2013-07-18T10-04-07.564  -0.1526825,1.4567707,8.889713
2013-07-18T10-04-07.566  -0.07604187,1.6483722,9.234596
2013-07-18T10-04-07.581  0.15388,1.6100519,9.119636
2013-07-18T10-04-07.583  0.07723938,1.495091,9.464519
2013-07-18T10-04-07.599  0.15388,1.9166144,9.387877
2013-07-18T10-04-07.603  0.07723938,2.0698957,9.349558
2013-07-18T10-04-07.617  0.15388,1.993255,9.349558
2013-07-18T10-04-07.620  0.26884094,1.9166144,9.004675
2013-07-18T10-04-07.633  0.38380188,1.6866925,8.774753
2013-07-18T10-04-07.635  0.38380188,1.6100519,8.42987
2013-07-18T10-04-07.638  0.30716124,1.7250128,8.774753
2013-07-18T10-04-07.652  0.26884094,1.8016534,9.042995
2013-07-18T10-04-07.654  0.23052064,1.7633331,9.119636
2013-07-18T10-04-07.668  0.30716124,1.6483722,9.234596
2013-07-18T10-04-07.670  0.11555969,1.7633331,9.196277
2013-07-18T10-04-07.690  0.11555969,1.8016534,9.234596
2013-07-18T10-04-07.691  0.03891907,1.7633331,9.119636
2013-07-18T10-04-07.693  -0.07604187,1.5717316,8.966354
