2013-07-18T10-04-35.528  -3.4482293,3.8709502,-13.259427
2013-07-18T10-04-35.532  -1.07237,1.1885284,9.579479
2013-07-18T10-04-35.535  -1.0340496,1.4184504,9.69444
2013-07-18T10-04-35.539  -1.2256513,1.6483722,9.771081
2013-07-18T10-04-35.556  -1.3406122,1.495091,9.886042
2013-07-18T10-04-35.558  -1.1490107,1.6483722,9.6178
2013-07-18T10-04-35.581  -1.187331,1.6100519,10.230925
2013-07-18T10-04-35.582  -1.3022919,1.4567707,8.621471
2013-07-18T10-04-35.584  -1.1490107,1.5717316,9.234596
2013-07-18T10-04-35.587  -0.9190887,1.5334113,10.001003
2013-07-18T10-04-35.607  -1.07237,1.6100519,8.123307
2013-07-18T10-04-35.608  -0.9190887,1.4567707,9.962683
2013-07-18T10-04-35.613  -1.1106904,1.495091,9.464519
2013-07-18T10-04-35.627  -1.0340496,1.5717316,8.544831
2013-07-18T10-04-35.630  -1.1106904,1.2268487,10.077643
2013-07-18T10-04-35.644  -1.187331,1.5717316,9.157956
2013-07-18T10-04-35.648  -1.2639716,1.7633331,9.004675
2013-07-18T10-04-35.660  -1.3022919,1.6483722,10.192604
2013-07-18T10-04-35.661  -1.3789325,1.495091,9.081315
2013-07-18T10-04-35.676  -1.3022919,1.4184504,9.73276
2013-07-18T10-04-35.677  -1.1106904,1.265169,9.886042
2013-07-18T10-04-35.691  -1.3022919,1.1502081,9.119636
2013-07-18T10-04-35.692  -1.1490107,1.3418097,9.924362
2013-07-18T10-04-35.709  -1.2639716,1.3034893,9.847721
2013-07-18T10-04-35.710  -1.3022919,1.1885284,9.464519
2013-07-18T10-04-35.729  -1.3789325,1.265169,9.771081
2013-07-18T10-04-35.732  -1.3022919,1.3418097,9.502839
2013-07-18T10-04-35.744  -1.2256513,1.4184504,9.349558
2013-07-18T10-04-35.745  -1.3789325,1.5717316,9.426198
2013-07-18T10-04-35.760  -1.4555731,1.3034893,9.081315
2013-07-18T10-04-35.761  -1.3022919,1.6100519,9.196277
2013-07-18T10-04-35.766  -1.07237,1.3034893,9.311237
2013-07-18T10-04-35.778  -0.9190887,1.1885284,9.387877
2013-07-18T10-04-35.780  -1.1490107,1.4184504,9.65612
2013-07-18T10-04-35.794  -1.1490107,1.495091,9.502839
2013-07-18T10-04-35.796  -1.3406122,1.4184504,9.004675
2013-07-18T10-04-35.812  -1.4555731,1.3418097,9.349558
2013-07-18T10-04-35.813  -1.685495,1.3034893,9.234596
2013-07-18T10-04-35.828  -2.183659,1.2268487,9.004675
2013-07-18T10-04-35.829  -2.2602997,1.1502081,9.196277
2013-07-18T10-04-35.847  -2.681823,1.1118878,9.042995
2013-07-18T10-04-35.849  -2.7967842,0.92028624,8.736432
2013-07-18T10-04-35.864  -2.566862,0.61372375,8.544831
2013-07-18T10-04-35.869  -2.3752606,0.4604425,8.123307
2013-07-18T10-04-35.882  -2.4902215,0.4604425,8.199948
2013-07-18T10-04-35.885  -2.9883857,0.19220032,8.46819
2013-07-18T10-04-35.902  -3.7164717,5.987549E-4,8.506511
2013-07-18T10-04-35.903  -4.367917,-0.30596375,8.966354
2013-07-18T10-04-35.904  -4.9427214,-0.57420594,8.928034
2013-07-18T10-04-35.908  -5.5558467,-0.459245,8.583151
2013-07-18T10-04-35.917  -6.0156903,-0.8041278,8.583151
2013-07-18T10-04-35.931  -6.475534,-0.68916684,8.199948
2013-07-18T10-04-35.933  -6.6671357,-1.2639716,7.586823
2013-07-18T10-04-35.949  -6.7437763,-1.4555731,7.1269794
2013-07-18T10-04-35.951  -6.5138545,-2.0303779,6.5138545
2013-07-18T10-04-35.963  -6.092331,-2.0686982,6.2839327
2013-07-18T10-04-35.965  -5.97737,-2.1453388,5.8240886
2013-07-18T10-04-35.980  -5.862409,-2.1070185,5.517526
2013-07-18T10-04-35.981  -5.0576825,-2.2602997,5.5558467
2013-07-18T10-04-35.999  -3.869753,-1.8770965,5.7857685
2013-07-18T10-04-36.000  -2.1070185,-1.8770965,6.3222528
2013-07-18T10-04-36.015  -0.34428406,-1.4555731,6.9353776
2013-07-18T10-04-36.015  1.6483722,-1.1106904,7.816745
2013-07-18T10-04-36.031  4.215833,-0.7658075,8.276588
2013-07-18T10-04-36.032  7.4730597,-0.4975653,9.349558
2013-07-18T10-04-36.050  10.462044,0.30716124,10.767409
2013-07-18T10-04-36.051  13.757591,0.92028624,12.798386
2013-07-18T10-04-36.068  17.24474,1.4567707,15.327526
2013-07-18T10-04-36.071  19.467318,2.4530988,18.086588
2013-07-18T10-04-36.072  19.543959,2.989583,19.581081
2013-07-18T10-04-36.088  19.543959,2.9129424,19.581081
2013-07-18T10-04-36.089  19.543959,3.1045442,19.581081
2013-07-18T10-04-36.093  19.543959,3.219505,19.581081
2013-07-18T10-04-36.101  19.543959,2.6830206,19.581081
2013-07-18T10-04-36.116  19.543959,2.1848567,19.581081
2013-07-18T10-04-36.118  19.543959,1.495091,19.581081
2013-07-18T10-04-36.133  19.543959,0.53708315,19.581081
2013-07-18T10-04-36.134  18.356028,-0.4975653,19.581081
2013-07-18T10-04-36.151  15.252083,-1.2639716,19.581081
2013-07-18T10-04-36.152  11.918216,-2.911745,19.581081
2013-07-18T10-04-36.173  8.66099,-4.367917,19.581081
2013-07-18T10-04-36.175  5.8252864,-5.862409,19.581081
2013-07-18T10-04-36.176  2.5680597,-6.858737,19.581081
2013-07-18T10-04-36.181  -0.38260436,-7.6251435,19.121237
2013-07-18T10-04-36.202  -3.4482293,-8.42987,18.009949
2013-07-18T10-04-36.203  -5.900729,-9.042995,16.822018
2013-07-18T10-04-36.224  -8.046667,-8.966354,14.906003
2013-07-18T10-04-36.225  -9.579479,-9.004675,12.721745
2013-07-18T10-04-36.226  -10.959011,-9.311237,10.077643
2013-07-18T10-04-36.243  -12.415182,-9.73276,7.8550653
2013-07-18T10-04-36.244  -13.909675,-9.771081,5.747448
2013-07-18T10-04-36.246  -15.71073,-10.1542845,3.6398308
2013-07-18T10-04-36.253  -17.473463,-10.077643,2.4519012
2013-07-18T10-04-36.276  -19.236198,-9.65612,2.2219794
2013-07-18T10-04-36.283  -19.581081,-9.157956,2.7967842
2013-07-18T10-04-36.284  -19.581081,-8.736432,3.141667
2013-07-18T10-04-36.286  -19.581081,-8.506511,3.294948
2013-07-18T10-04-36.314  -19.581081,-8.123307,2.7584639
2013-07-18T10-04-36.315  -19.159557,-8.008347,1.8387762
2013-07-18T10-04-36.317  -17.818346,-8.084988,1.3789325
2013-07-18T10-04-36.319  -16.323854,-7.6634636,0.8041278
2013-07-18T10-04-36.344  -14.101276,-7.3952217,1.2639716
2013-07-18T10-04-36.345  -14.254558,-7.356901,-0.95860654
2013-07-18T10-04-36.347  -12.951667,-6.973698,-1.0352472
2013-07-18T10-04-36.350  -11.993659,-7.0886593,-1.265169
2013-07-18T10-04-36.371  -10.690768,-7.2419405,-1.6100519
2013-07-18T10-04-36.372  -9.119636,-6.705456,-1.3418097
2013-07-18T10-04-36.375  -7.6251435,-6.973698,-1.2268487
2013-07-18T10-04-36.392  -6.3222528,-6.973698,-0.95860654
2013-07-18T10-04-36.394  -4.9427214,-7.4718623,-0.53708315
2013-07-18T10-04-36.399  -3.869753,-7.8933854,-0.19220032
2013-07-18T10-04-36.407  -2.9500654,-8.084988,0.65084654
2013-07-18T10-04-36.420  -1.6088544,-8.238269,1.3406122
2013-07-18T10-04-36.423  0.30716124,-8.084988,2.183659
2013-07-18T10-04-36.438  3.3727863,-7.816745,3.4482293
2013-07-18T10-04-36.440  7.358099,-7.548503,4.4828777
2013-07-18T10-04-36.461  12.224778,-6.5521746,5.747448
2013-07-18T10-04-36.462  17.39802,-5.9390497,7.2419405
2013-07-18T10-04-36.464  19.543959,-5.134323,9.502839
2013-07-18T10-04-36.471  19.543959,-4.367917,12.14694
2013-07-18T10-04-36.494  19.543959,-3.4865496,15.480807
2013-07-18T10-04-36.496  19.543959,-2.4519012,19.044596
2013-07-18T10-04-36.512  19.543959,-1.6471747,19.581081
2013-07-18T10-04-36.514  19.543959,-0.8041278,19.581081
2013-07-18T10-04-36.527  19.543959,0.07723938,19.581081
2013-07-18T10-04-36.529  19.543959,0.19220032,19.581081
2013-07-18T10-04-36.530  19.543959,0.23052064,19.581081
2013-07-18T10-04-36.543  19.543959,5.987549E-4,19.581081
2013-07-18T10-04-36.545  19.543959,-0.7274872,19.581081
2013-07-18T10-04-36.557  19.543959,-1.4172528,19.581081
2013-07-18T10-04-36.559  19.543959,-3.0650263,19.581081
2013-07-18T10-04-36.575  19.505638,-4.406237,19.581081
2013-07-18T10-04-36.577  16.01849,-6.475534,19.581081
2013-07-18T10-04-36.593  11.726614,-7.8933854,18.967957
2013-07-18T10-04-36.595  7.626341,-9.042995,18.086588
2013-07-18T10-04-36.614  4.599036,-9.73276,17.550104
2013-07-18T10-04-36.615  2.2614973,-10.767409,16.515455
2013-07-18T10-04-36.617  0.11555969,-10.575808,15.519128
2013-07-18T10-04-36.623  -2.4519012,-10.920691,14.446159
2013-07-18T10-04-36.644  -4.7127995,-11.073972,12.989987
2013-07-18T10-04-36.646  -7.2419405,-10.997331,11.457174
2013-07-18T10-04-36.666  -9.924362,-10.690768,9.847721
2013-07-18T10-04-36.668  -12.0703,-10.269245,8.621471
2013-07-18T10-04-36.669  -14.177917,-9.502839,7.2802606
2013-07-18T10-04-36.671  -15.71073,-8.966354,6.207292
2013-07-18T10-04-36.681  -17.01362,-8.42987,5.2109637
2013-07-18T10-04-36.695  -17.971628,-8.084988,4.5211983
2013-07-18T10-04-36.699  -18.04827,-7.433542,2.681823
2013-07-18T10-04-36.720  -17.741707,-7.816745,2.0686982
2013-07-18T10-04-36.721  -18.354832,-7.2419405,1.9154168
2013-07-18T10-04-36.723  -19.082916,-6.6671357,1.4172528
2013-07-18T10-04-36.727  -19.197878,-6.207292,1.4938934
2013-07-18T10-04-36.747  -19.46612,-6.245612,1.4172528
2013-07-18T10-04-36.749  -19.389479,-5.747448,1.2639716
2013-07-18T10-04-36.764  -18.546432,-5.5558467,1.1490107
2013-07-18T10-04-36.766  -17.933308,-5.479206,-0.03891907
2013-07-18T10-04-36.780  -16.323854,-5.019362,0.7658075
2013-07-18T10-04-36.782  -15.135924,-5.134323,-0.38380188
2013-07-18T10-04-36.798  -13.603112,-4.78944,-0.72868466
2013-07-18T10-04-36.801  -11.6104555,-4.636159,-0.61372375
2013-07-18T10-04-36.819  -9.73276,-4.9044013,-0.30716124
2013-07-18T10-04-36.820  -8.199948,-5.325925,0.1526825
2013-07-18T10-04-36.822  -6.2839327,-5.479206,1.07237
2013-07-18T10-04-36.824  -3.9080732,-5.0960026,1.9537371
2013-07-18T10-04-36.849  -0.9190887,-5.0576825,2.911745
2013-07-18T10-04-36.851  2.874622,-4.367917,3.3332684
2013-07-18T10-04-36.852  6.7066536,-3.6398308,3.5631902
2013-07-18T10-04-36.868  10.921887,-2.911745,3.7931123
2013-07-18T10-04-36.870  15.482005,-2.5285418,4.367917
2013-07-18T10-04-36.872  19.199076,-1.4555731,5.747448
2013-07-18T10-04-36.879  19.543959,-0.53588563,8.276588
2013-07-18T10-04-36.894  19.543959,0.38380188,11.495495
2013-07-18T10-04-36.896  19.543959,1.38013,14.944324
2013-07-18T10-04-36.912  19.543959,2.1465364,18.469791
2013-07-18T10-04-36.913  19.543959,2.8363018,19.581081
2013-07-18T10-04-36.932  19.543959,2.9129424,19.581081
2013-07-18T10-04-36.934  19.543959,2.9129424,19.581081
2013-07-18T10-04-36.947  19.543959,2.4147785,19.581081
2013-07-18T10-04-36.948  19.543959,0.61372375,19.581081
2013-07-18T10-04-36.963  19.543959,-0.68916684,19.581081
2013-07-18T10-04-36.963  19.467318,-2.2219794,19.581081
2013-07-18T10-04-36.985  16.440012,-3.869753,19.581081
2013-07-18T10-04-36.987  12.186459,-5.5941668,19.581081
2013-07-18T10-04-36.988  8.162826,-7.6251435,19.044596
2013-07-18T10-04-37.001  3.4111066,-8.966354,18.469791
2013-07-18T10-04-37.003  -0.9957294,-9.579479,18.23987
2013-07-18T10-04-37.016  -5.325925,-10.1542845,18.163229
2013-07-18T10-04-37.018  -9.426198,-10.307566,18.009949
2013-07-18T10-04-37.032  -13.258229,-10.345885,18.508112
2013-07-18T10-04-37.033  -16.017292,-10.422526,19.121237
2013-07-18T10-04-37.051  -19.082916,-10.614128,19.50444
2013-07-18T10-04-37.053  -19.581081,-10.230925,19.581081
2013-07-18T10-04-37.066  -19.581081,-10.4991665,19.082916
2013-07-18T10-04-37.067  -19.581081,-10.652448,16.93698
2013-07-18T10-04-37.091  -19.581081,-11.112292,13.104948
2013-07-18T10-04-37.092  -19.581081,-10.537487,11.2655735
2013-07-18T10-04-37.108  -19.581081,-9.8094015,10.384206
2013-07-18T10-04-37.109  -19.581081,-9.464519,9.004675
2013-07-18T10-04-37.110  -19.581081,-8.889713,8.813073
2013-07-18T10-04-37.113  -19.581081,-8.506511,8.928034
2013-07-18T10-04-37.132  -19.581081,-8.42987,8.084988
2013-07-18T10-04-37.134  -19.006277,-8.008347,7.548503
2013-07-18T10-04-37.137  -16.668737,-7.3952217,7.2419405
2013-07-18T10-04-37.149  -14.5227995,-7.816745,6.437214
2013-07-18T10-04-37.153  -12.415182,-7.356901,6.207292
2013-07-18T10-04-37.172  -10.384206,-6.858737,5.7857685
2013-07-18T10-04-37.174  -8.6981125,-6.820417,5.2876043
2013-07-18T10-04-37.187  -7.1269794,-6.973698,4.597839
2013-07-18T10-04-37.189  -5.2876043,-7.318581,3.754792
2013-07-18T10-04-37.202  -3.7931123,-7.433542,2.9500654
2013-07-18T10-04-37.203  -2.3752606,-7.318581,2.9883857
2013-07-18T10-04-37.219  -1.1490107,-7.318581,3.1033466
2013-07-18T10-04-37.220  0.38380188,-7.6634636,2.9500654
2013-07-18T10-04-37.236  1.6483722,-7.7784247,3.1033466
2013-07-18T10-04-37.237  2.9129424,-7.7784247,3.1033466
2013-07-18T10-04-37.254  4.5223956,-7.8933854,2.4519012
2013-07-18T10-04-37.255  6.7449737,-7.586823,1.7621356
2013-07-18T10-04-37.270  8.77595,-6.9353776,0.8424481
2013-07-18T10-04-37.271  10.806927,-6.3605733,0.7274872
2013-07-18T10-04-37.274  12.991184,-5.4025655,0.8424481
2013-07-18T10-04-37.290  14.983841,-4.78944,1.3022919
2013-07-18T10-04-37.291  17.28306,-4.5595183,1.3789325
2013-07-18T10-04-37.307  19.352356,-4.1763153,2.0303779
2013-07-18T10-04-37.308  19.543959,-3.6398308,2.4519012
2013-07-18T10-04-37.320  19.543959,-3.0650263,2.1453388
2013-07-18T10-04-37.322  19.543959,-2.6051824,1.9920574
2013-07-18T10-04-37.339  19.543959,-2.3369403,2.7201433
2013-07-18T10-04-37.341  19.543959,-2.183659,3.3715887
2013-07-18T10-04-37.356  19.543959,-1.9920574,3.869753
2013-07-18T10-04-37.358  19.543959,-2.29862,4.061354
2013-07-18T10-04-37.371  19.543959,-2.183659,4.4828777
2013-07-18T10-04-37.372  19.543959,-2.7584639,4.6744795
2013-07-18T10-04-37.387  19.543959,-3.2183075,5.517526
2013-07-18T10-04-37.388  19.543959,-4.252956,5.747448
2013-07-18T10-04-37.404  19.543959,-4.75112,6.5138545
2013-07-18T10-04-37.405  19.543959,-5.8240886,7.586823
2013-07-18T10-04-37.421  19.543959,-6.3988934,8.506511
2013-07-18T10-04-37.422  19.543959,-7.318581,9.8094015
2013-07-18T10-04-37.437  19.428997,-8.6981125,10.729089
2013-07-18T10-04-37.438  17.742903,-9.387877,11.572136
2013-07-18T10-04-37.442  15.405364,-9.847721,12.491823
2013-07-18T10-04-37.458  12.876224,-10.422526,12.760065
2013-07-18T10-04-37.460  11.15181,-11.342214,12.606784
2013-07-18T10-04-37.480  8.814271,-11.993659,13.37319
2013-07-18T10-04-37.481  6.2468095,-12.261901,13.718073
2013-07-18T10-04-37.483  3.83263,-12.338542,15.557448
2013-07-18T10-04-37.490  1.0352472,-11.9553385,18.354832
2013-07-18T10-04-37.505  -0.9190887,-11.802057,19.581081
2013-07-18T10-04-37.507  -2.7584639,-11.840378,19.581081
2013-07-18T10-04-37.522  -4.2912765,-11.725417,19.581081
2013-07-18T10-04-37.524  -5.97737,-11.572136,19.581081
2013-07-18T10-04-37.539  -7.2802606,-11.035651,19.581081
2013-07-18T10-04-37.541  -8.851394,-10.690768,19.581081
2013-07-18T10-04-37.556  -10.307566,-10.001003,19.581081
2013-07-18T10-04-37.557  -11.802057,-8.928034,19.581081
2013-07-18T10-04-37.573  -12.721745,-8.161628,19.581081
2013-07-18T10-04-37.574  -13.871354,-6.973698,19.351158
2013-07-18T10-04-37.579  -13.947995,-5.6324873,18.27819
2013-07-18T10-04-37.591  -14.024635,-4.75112,17.243542
2013-07-18T10-04-37.594  -13.33487,-3.6781511,15.902331
2013-07-18T10-04-37.610  -12.568463,-3.0650263,14.599441
2013-07-18T10-04-37.611  -11.572136,-2.3369403,13.29655
2013-07-18T10-04-37.628  -10.844049,-1.8770965,12.10862
2013-07-18T10-04-37.630  -10.039323,-0.9574091,11.418855
2013-07-18T10-04-37.645  -9.579479,-0.65084654,10.805729
2013-07-18T10-04-37.647  -8.928034,-0.4975653,10.1542845
2013-07-18T10-04-37.659  -8.506511,-0.03772156,9.349558
2013-07-18T10-04-37.661  -7.970026,0.38380188,9.081315
2013-07-18T10-04-37.675  -7.012018,0.49876282,8.813073
2013-07-18T10-04-37.676  -6.437214,0.767005,8.659792
2013-07-18T10-04-37.695  -5.517526,1.0352472,8.238269
2013-07-18T10-04-37.697  -4.7127995,0.88196594,8.199948
2013-07-18T10-04-37.710  -4.137995,0.88196594,7.931706
2013-07-18T10-04-37.711  -3.4482293,1.3418097,7.701784
2013-07-18T10-04-37.728  -2.911745,1.1118878,7.4718623
2013-07-18T10-04-37.729  -2.4519012,1.1885284,7.3952217
2013-07-18T10-04-37.731  -2.3369403,1.38013,7.433542
2013-07-18T10-04-37.743  -2.183659,1.3034893,7.8550653
2013-07-18T10-04-37.747  -2.0303779,1.3418097,8.084988
2013-07-18T10-04-37.760  -1.6471747,1.1502081,8.123307
2013-07-18T10-04-37.763  -1.3406122,1.265169,9.004675
2013-07-18T10-04-37.777  -1.2256513,1.265169,9.464519
2013-07-18T10-04-37.779  -0.9957294,0.9969269,9.541159
2013-07-18T10-04-37.794  -0.7658075,1.2268487,9.924362
2013-07-18T10-04-37.796  -0.57420594,1.0352472,10.230925
2013-07-18T10-04-37.811  -0.30596375,1.1885284,10.460847
2013-07-18T10-04-37.812  -0.1526825,1.1118878,10.307566
2013-07-18T10-04-37.828  -0.03772156,0.88196594,10.384206
2013-07-18T10-04-37.830  0.23052064,1.1502081,9.924362
2013-07-18T10-04-37.846  0.07723938,1.38013,9.65612
2013-07-18T10-04-37.847  5.987549E-4,1.1118878,9.426198
2013-07-18T10-04-37.863  0.57540345,1.3034893,8.966354
