2013-07-18T10-04-10.620  -5.0960026,6.515052,-6.783294
2013-07-18T10-04-10.623  -1.187331,2.0315752,9.349558
2013-07-18T10-04-10.640  -0.68916684,2.1848567,9.272917
2013-07-18T10-04-10.642  -0.4975653,2.1465364,8.928034
2013-07-18T10-04-10.644  -0.1526825,2.2614973,9.157956
2013-07-18T10-04-10.650  -0.1910028,2.108216,9.042995
2013-07-18T10-04-10.674  -0.4209247,2.223177,9.8094015
2013-07-18T10-04-10.676  -0.61252624,2.223177,9.119636
2013-07-18T10-04-10.677  -0.8041278,2.1465364,9.119636
2013-07-18T10-04-10.682  -0.68916684,2.1465364,10.690768
2013-07-18T10-04-10.701  -0.9957294,2.108216,8.6981125
2013-07-18T10-04-10.702  -0.9574091,1.7633331,9.771081
2013-07-18T10-04-10.718  -0.9190887,1.6866925,9.771081
2013-07-18T10-04-10.720  -0.9190887,1.6866925,8.621471
2013-07-18T10-04-10.734  -0.8807684,1.8399738,9.924362
2013-07-18T10-04-10.736  -0.9190887,1.6866925,9.426198
2013-07-18T10-04-10.740  -1.1106904,1.8016534,9.311237
2013-07-18T10-04-10.758  -1.3022919,1.5334113,10.192604
2013-07-18T10-04-10.759  -1.187331,1.9166144,9.65612
2013-07-18T10-04-10.762  -0.9190887,2.1465364,9.73276
2013-07-18T10-04-10.770  -0.8424481,2.1848567,9.962683
2013-07-18T10-04-10.786  -0.57420594,1.7250128,9.579479
2013-07-18T10-04-10.791  -0.68916684,1.7250128,9.73276
2013-07-18T10-04-10.807  -0.9190887,1.6100519,9.8094015
2013-07-18T10-04-10.808  -0.9957294,1.6483722,9.847721
2013-07-18T10-04-10.827  -1.4555731,1.2268487,10.077643
2013-07-18T10-04-10.828  -1.4172528,1.1885284,9.771081
2013-07-18T10-04-10.830  -1.6088544,1.0735675,9.502839
2013-07-18T10-04-10.834  -2.0686982,0.8053253,9.6178
2013-07-18T10-04-10.856  -2.183659,0.72868466,9.426198
2013-07-18T10-04-10.859  -2.8351045,0.95860654,9.272917
2013-07-18T10-04-10.871  -2.9883857,0.61372375,9.349558
2013-07-18T10-04-10.872  -3.1799872,0.84364563,8.889713
2013-07-18T10-04-10.886  -3.026706,0.92028624,8.544831
2013-07-18T10-04-10.887  -2.4519012,0.88196594,8.42987
2013-07-18T10-04-10.891  -2.1070185,1.0352472,8.123307
2013-07-18T10-04-10.903  -1.8770965,1.1118878,8.6981125
2013-07-18T10-04-10.906  -1.8004559,1.3034893,8.813073
2013-07-18T10-04-10.919  -1.8004559,1.3034893,9.196277
2013-07-18T10-04-10.922  -1.8770965,1.3418097,9.234596
2013-07-18T10-04-10.936  -1.8770965,1.1118878,9.157956
2013-07-18T10-04-10.938  -1.685495,1.0735675,9.004675
2013-07-18T10-04-10.956  -1.2639716,1.0735675,8.774753
2013-07-18T10-04-10.958  -1.0340496,0.95860654,8.544831
2013-07-18T10-04-10.971  -0.8424481,1.1118878,8.659792
2013-07-18T10-04-10.972  -0.8041278,1.2268487,8.736432
2013-07-18T10-04-10.988  -0.68916684,0.9969269,8.813073
2013-07-18T10-04-10.989  -0.7274872,1.3418097,9.081315
2013-07-18T10-04-11.008  -0.8041278,1.38013,8.966354
2013-07-18T10-04-11.010  -0.8807684,1.265169,9.042995
2013-07-18T10-04-11.022  -0.9574091,1.38013,9.464519
2013-07-18T10-04-11.023  -1.3022919,1.1118878,9.387877
2013-07-18T10-04-11.038  -1.3022919,0.95860654,9.157956
2013-07-18T10-04-11.040  -1.1106904,0.9969269,9.004675
2013-07-18T10-04-11.045  -1.3406122,0.65204406,8.506511
2013-07-18T10-04-11.056  -1.3406122,0.42212218,8.238269
2013-07-18T10-04-11.059  -1.5322137,0.38380188,8.084988
2013-07-18T10-04-11.073  -1.7621356,0.15388,7.816745
2013-07-18T10-04-11.075  -1.9920574,0.38380188,8.161628
2013-07-18T10-04-11.089  -1.8770965,0.26884094,7.8933854
2013-07-18T10-04-11.091  -1.6088544,0.15388,8.008347
2013-07-18T10-04-11.106  -1.1106904,0.11555969,8.046667
2013-07-18T10-04-11.108  -0.07604187,-0.07604187,8.084988
2013-07-18T10-04-11.124  0.8053253,-0.22932312,7.931706
2013-07-18T10-04-11.125  2.2614973,-0.03772156,8.238269
2013-07-18T10-04-11.140  3.5260675,-0.1526825,8.583151
2013-07-18T10-04-11.142  5.02056,0.23052064,9.081315
2013-07-18T10-04-11.159  6.668333,0.49876282,10.001003
2013-07-18T10-04-11.160  8.162826,0.8053253,10.997331
2013-07-18T10-04-11.180  10.155481,0.69036436,12.10862
2013-07-18T10-04-11.181  12.378059,0.92028624,13.37319
2013-07-18T10-04-11.182  14.715599,1.0352472,14.944324
2013-07-18T10-04-11.196  16.784895,1.0352472,16.553776
2013-07-18T10-04-11.197  18.164427,1.3418097,18.354832
2013-07-18T10-04-11.209  19.160755,0.8053253,19.389479
2013-07-18T10-04-11.212  19.543959,0.72868466,19.581081
2013-07-18T10-04-11.225  19.543959,0.26884094,19.581081
2013-07-18T10-04-11.227  19.543959,-0.26764342,19.581081
2013-07-18T10-04-11.244  19.543959,-0.7274872,19.581081
2013-07-18T10-04-11.245  19.505638,-1.0340496,19.581081
2013-07-18T10-04-11.265  18.394348,-1.5322137,19.581081
2013-07-18T10-04-11.268  16.516653,-2.1070185,19.581081
2013-07-18T10-04-11.269  14.6772785,-2.7201433,19.581081
2013-07-18T10-04-11.276  12.4547,-3.3332684,19.581081
2013-07-18T10-04-11.301  9.96388,-4.597839,19.581081
2013-07-18T10-04-11.303  7.358099,-5.6708074,19.581081
2013-07-18T10-04-11.304  4.2541533,-6.705456,19.581081
2013-07-18T10-04-11.308  0.92028624,-7.931706,19.581081
2013-07-18T10-04-11.333  -2.0686982,-8.736432,19.351158
2013-07-18T10-04-11.335  -5.134323,-9.73276,17.894987
2013-07-18T10-04-11.356  -7.2419405,-9.8094015,16.093933
2013-07-18T10-04-11.358  -9.081315,-9.541159,14.484479
2013-07-18T10-04-11.359  -10.384206,-9.387877,12.645104
2013-07-18T10-04-11.361  -11.150612,-9.73276,10.767409
2013-07-18T10-04-11.365  -12.300221,-9.6178,9.004675
2013-07-18T10-04-11.385  -13.37319,-9.311237,7.6251435
2013-07-18T10-04-11.387  -14.752722,-9.157956,6.1689715
2013-07-18T10-04-11.388  -15.940651,-9.196277,5.0576825
2013-07-18T10-04-11.396  -16.860338,-9.6178,3.6398308
2013-07-18T10-04-11.413  -17.818346,-9.886042,2.9883857
2013-07-18T10-04-11.415  -18.469791,-9.349558,3.0650263
2013-07-18T10-04-11.435  -18.546432,-9.081315,3.8314326
2013-07-18T10-04-11.437  -19.581081,-9.234596,1.3789325
2013-07-18T10-04-11.438  -19.581081,-9.042995,0.34428406
2013-07-18T10-04-11.444  -19.351158,-9.119636,-0.84364563
2013-07-18T10-04-11.461  -18.27819,-8.659792,-1.2268487
2013-07-18T10-04-11.463  -16.9753,-8.123307,-1.265169
2013-07-18T10-04-11.483  -15.135924,-7.6634636,-0.8053253
2013-07-18T10-04-11.486  -13.219909,-7.6251435,-0.767005
2013-07-18T10-04-11.503  -11.112292,-7.2802606,-0.88196594
2013-07-18T10-04-11.505  -8.928034,-7.3952217,-0.53708315
2013-07-18T10-04-11.507  -7.701784,-7.0886593,-0.42212218
2013-07-18T10-04-11.509  -6.3988934,-6.9353776,-0.11555969
2013-07-18T10-04-11.517  -5.0960026,-6.858737,0.07604187
2013-07-18T10-04-11.531  -4.406237,-6.5521746,0.4975653
2013-07-18T10-04-11.534  -3.6781511,-6.5138545,0.8424481
2013-07-18T10-04-11.549  -2.9883857,-6.820417,0.7658075
2013-07-18T10-04-11.550  -1.8770965,-6.858737,0.68916684
2013-07-18T10-04-11.566  -0.1910028,-6.590495,0.9574091
2013-07-18T10-04-11.567  2.108216,-6.628815,1.1106904
2013-07-18T10-04-11.583  5.173841,-6.0156903,1.07237
2013-07-18T10-04-11.585  9.197474,-5.479206,2.1453388
2013-07-18T10-04-11.606  13.412708,-4.9427214,3.9463935
2013-07-18T10-04-11.608  17.781223,-3.6781511,6.705456
2013-07-18T10-04-11.615  19.543959,-2.7584639,10.115964
2013-07-18T10-04-11.617  19.543959,-1.2256513,13.37319
2013-07-18T10-04-11.634  19.543959,-0.11436218,17.511784
2013-07-18T10-04-11.636  19.543959,0.53708315,19.581081
2013-07-18T10-04-11.638  19.543959,1.7250128,19.581081
2013-07-18T10-04-11.650  19.543959,2.3381379,19.581081
2013-07-18T10-04-11.653  19.543959,2.1848567,19.581081
2013-07-18T10-04-11.667  19.543959,2.1465364,19.581081
2013-07-18T10-04-11.669  19.543959,1.7633331,19.581081
2013-07-18T10-04-11.683  19.543959,0.95860654,19.581081
2013-07-18T10-04-11.685  19.543959,5.987549E-4,19.581081
2013-07-18T10-04-11.701  19.543959,-1.1490107,19.581081
2013-07-18T10-04-11.702  19.543959,-2.29862,19.581081
2013-07-18T10-04-11.717  19.505638,-3.2566278,19.581081
2013-07-18T10-04-11.718  17.091457,-4.7127995,19.197878
2013-07-18T10-04-11.736  13.297748,-6.0540104,18.469791
2013-07-18T10-04-11.737  10.117161,-7.1653,17.511784
2013-07-18T10-04-11.753  8.047864,-7.6634636,16.170572
2013-07-18T10-04-11.755  6.32345,-8.583151,14.829362
2013-07-18T10-04-11.771  4.330794,-9.042995,14.292878
2013-07-18T10-04-11.773  2.3381379,-9.004675,12.683425
2013-07-18T10-04-11.788  0.11555969,-9.541159,11.303893
2013-07-18T10-04-11.790  -1.9920574,-10.001003,9.541159
2013-07-18T10-04-11.808  -4.636159,-9.73276,8.314909
2013-07-18T10-04-11.809  -7.1653,-9.349558,7.433542
2013-07-18T10-04-11.811  -9.387877,-9.004675,6.705456
2013-07-18T10-04-11.814  -11.112292,-8.314909,5.97737
2013-07-18T10-04-11.821  -12.300221,-8.046667,5.747448
2013-07-18T10-04-11.842  -13.104948,-7.8550653,5.325925
2013-07-18T10-04-11.843  -13.449831,-7.2419405,5.325925
2013-07-18T10-04-11.846  -14.139597,-6.6671357,5.2109637
2013-07-18T10-04-11.854  -14.024635,-6.6671357,5.2492843
2013-07-18T10-04-11.875  -13.871354,-5.97737,4.9044013
2013-07-18T10-04-11.876  -13.718073,-5.325925,4.3295965
2013-07-18T10-04-11.890  -14.216237,-5.134323,4.5595183
2013-07-18T10-04-11.891  -14.982643,-4.9427214,5.0576825
2013-07-18T10-04-11.908  -16.208893,-4.7127995,5.479206
2013-07-18T10-04-11.910  -16.93698,-4.75112,6.245612
2013-07-18T10-04-11.924  -17.588425,-5.0960026,6.7820964
2013-07-18T10-04-11.927  -18.43147,-5.2109637,8.314909
2013-07-18T10-04-11.940  -18.929636,-4.9427214,9.847721
2013-07-18T10-04-11.943  -19.389479,-5.0576825,10.537487
2013-07-18T10-04-11.944  -19.4278,-5.325925,10.345885
2013-07-18T10-04-11.962  -19.236198,-5.019362,9.081315
2013-07-18T10-04-11.963  -18.699715,-4.5211983,8.008347
2013-07-18T10-04-11.966  -16.860338,-4.5595183,6.245612
2013-07-18T10-04-11.974  -14.829362,-4.75112,4.137995
2013-07-18T10-04-11.991  -12.913346,-4.4828777,3.141667
2013-07-18T10-04-11.993  -11.150612,-4.0996747,3.3332684
2013-07-18T10-04-12.008  -9.196277,-3.9847138,4.214636
2013-07-18T10-04-12.009  -7.1269794,-4.3295965,5.1726437
2013-07-18T10-04-12.024  -4.367917,-5.019362,5.6324873
2013-07-18T10-04-12.025  -1.2256513,-5.709128,6.0156903
2013-07-18T10-04-12.039  2.491419,-6.858737,5.862409
2013-07-18T10-04-12.040  5.4420834,-6.858737,5.862409
2013-07-18T10-04-12.059  8.469388,-6.5138545,6.5138545
2013-07-18T10-04-12.061  11.879895,-4.8660808,6.973698
2013-07-18T10-04-12.076  16.669935,-3.294948,7.356901
2013-07-18T10-04-12.079  19.543959,-1.685495,7.5101824
2013-07-18T10-04-12.091  19.543959,-0.1526825,7.012018
2013-07-18T10-04-12.092  19.543959,1.5334113,7.318581
2013-07-18T10-04-12.096  19.543959,3.2961457,7.970026
2013-07-18T10-04-12.108  19.543959,3.5643878,11.303893
2013-07-18T10-04-12.111  19.543959,3.8709502,13.33487
2013-07-18T10-04-12.124  19.543959,4.2541533,15.480807
2013-07-18T10-04-12.127  19.543959,3.1428645,16.247213
2013-07-18T10-04-12.144  19.543959,1.9549347,16.707058
2013-07-18T10-04-12.146  19.543959,0.53708315,16.515455
2013-07-18T10-04-12.160  19.543959,-1.07237,16.400496
2013-07-18T10-04-12.162  19.543959,-2.7201433,15.82569
2013-07-18T10-04-12.177  19.199076,-4.5211983,14.867682
2013-07-18T10-04-12.179  15.482005,-6.207292,14.56112
2013-07-18T10-04-12.199  10.6536455,-7.6251435,14.5227995
2013-07-18T10-04-12.200  5.940247,-8.199948,15.059284
2013-07-18T10-04-12.201  0.9969269,-9.042995,15.9789715
2013-07-18T10-04-12.207  -3.6781511,-9.387877,16.898659
2013-07-18T10-04-12.226  -7.433542,-9.157956,17.626745
2013-07-18T10-04-12.227  -11.150612,-9.6178,18.43147
2013-07-18T10-04-12.246  -13.603112,-9.6178,19.50444
2013-07-18T10-04-12.248  -15.82569,-9.771081,19.581081
2013-07-18T10-04-12.250  -18.009949,-9.234596,19.54276
2013-07-18T10-04-12.266  -19.46612,-8.813073,19.46612
2013-07-18T10-04-12.267  -19.581081,-7.8550653,18.623074
2013-07-18T10-04-12.271  -19.581081,-7.20362,17.243542
2013-07-18T10-04-12.279  -19.581081,-6.1689715,15.212565
2013-07-18T10-04-12.297  -19.581081,-5.517526,13.526471
2013-07-18T10-04-12.298  -19.581081,-5.4025655,13.0666275
2013-07-18T10-04-12.313  -19.581081,-4.78944,10.345885
2013-07-18T10-04-12.315  -18.316511,-5.2492843,10.652448
2013-07-18T10-04-12.333  -16.783699,-4.5211983,10.652448
2013-07-18T10-04-12.334  -14.906003,-3.9847138,10.805729
2013-07-18T10-04-12.336  -12.721745,-4.023034,10.614128
2013-07-18T10-04-12.344  -10.690768,-3.6015105,10.001003
2013-07-18T10-04-12.364  -8.39155,-3.4482293,8.928034
2013-07-18T10-04-12.365  -6.092331,-3.1799872,7.8933854
2013-07-18T10-04-12.384  -4.061354,-3.3332684,6.437214
2013-07-18T10-04-12.386  -2.3369403,-3.409909,5.479206
2013-07-18T10-04-12.389  -0.9574091,-3.4482293,5.1726437
2013-07-18T10-04-12.392  0.11555969,-3.6781511,4.367917
2013-07-18T10-04-12.406  1.7633331,-3.7931123,3.9847138
2013-07-18T10-04-12.421  3.83263,-3.6781511,3.294948
2013-07-18T10-04-12.422  5.8252864,-3.4865496,2.6051824
2013-07-18T10-04-12.424  7.779622,-2.9883857,2.2219794
2013-07-18T10-04-12.432  9.96388,-2.566862,1.6088544
2013-07-18T10-04-12.452  12.186459,-2.29862,0.8424481
2013-07-18T10-04-12.453  14.9072,-1.9537371,0.30596375
2013-07-18T10-04-12.456  17.972826,-1.7621356,-0.57540345
2013-07-18T10-04-12.464  19.543959,-1.8770965,-1.4567707
2013-07-18T10-04-12.480  19.543959,-1.5705341,-2.1848567
2013-07-18T10-04-12.481  19.543959,-1.8387762,-2.9512627
2013-07-18T10-04-12.498  19.543959,-2.1453388,-3.4877472
2013-07-18T10-04-12.499  19.543959,-1.9537371,-3.219505
2013-07-18T10-04-12.517  19.543959,-1.8770965,-2.0315752
2013-07-18T10-04-12.520  19.543959,-2.0686982,-0.72868466
2013-07-18T10-04-12.532  19.543959,-2.4902215,0.4209247
2013-07-18T10-04-12.533  19.543959,-3.026706,1.4555731
2013-07-18T10-04-12.548  19.543959,-4.061354,2.1453388
2013-07-18T10-04-12.549  19.543959,-5.019362,3.2566278
2013-07-18T10-04-12.566  19.543959,-6.1689715,4.636159
2013-07-18T10-04-12.568  19.543959,-7.20362,5.7857685
2013-07-18T10-04-12.572  19.543959,-8.621471,7.20362
2013-07-18T10-04-12.589  19.352356,-9.426198,8.583151
2013-07-18T10-04-12.591  17.32138,-10.192604,9.924362
2013-07-18T10-04-12.593  14.792239,-10.959011,10.997331
2013-07-18T10-04-12.601  11.956536,-11.533815,11.9553385
2013-07-18T10-04-12.617  9.235794,-11.878698,12.875027
2013-07-18T10-04-12.619  6.5916924,-11.993659,14.63776
2013-07-18T10-04-12.638  4.1775126,-12.338542,16.017292
2013-07-18T10-04-12.640  1.6100519,-12.530144,17.243542
2013-07-18T10-04-12.641  -0.8041278,-12.376863,19.082916
2013-07-18T10-04-12.648  -3.3715887,-12.14694,19.581081
2013-07-18T10-04-12.670  -5.2109637,-12.0703,19.581081
2013-07-18T10-04-12.671  -7.318581,-11.533815,19.581081
2013-07-18T10-04-12.686  -8.42987,-10.88237,19.581081
2013-07-18T10-04-12.687  -9.579479,-10.230925,19.581081
2013-07-18T10-04-12.703  -10.039323,-9.6178,19.581081
2013-07-18T10-04-12.707  -10.307566,-8.544831,19.581081
2013-07-18T10-04-12.709  -10.384206,-6.973698,18.929636
2013-07-18T10-04-12.725  -10.039323,-6.437214,17.971628
2013-07-18T10-04-12.727  -9.6178,-5.479206,17.358503
2013-07-18T10-04-12.741  -9.426198,-4.4445577,16.822018
2013-07-18T10-04-12.742  -8.966354,-3.5631902,16.093933
2013-07-18T10-04-12.745  -8.3532295,-3.0650263,15.480807
2013-07-18T10-04-12.753  -7.7784247,-2.2219794,14.63776
2013-07-18T10-04-12.770  -7.586823,-1.4938934,13.29655
2013-07-18T10-04-12.771  -6.705456,-0.9574091,12.645104
2013-07-18T10-04-12.790  -6.628815,-0.8041278,11.533815
2013-07-18T10-04-12.792  -5.747448,-0.1526825,10.269245
2013-07-18T10-04-12.805  -5.0960026,0.23052064,9.65612
2013-07-18T10-04-12.808  -4.8277607,0.65204406,9.541159
2013-07-18T10-04-12.821  -4.367917,0.8053253,9.042995
2013-07-18T10-04-12.822  -3.9847138,1.2268487,8.851394
2013-07-18T10-04-12.837  -3.52487,1.0352472,8.39155
2013-07-18T10-04-12.838  -3.6398308,0.72868466,8.276588
2013-07-18T10-04-12.853  -3.1033466,0.9969269,8.238269
