2013-07-18T14-42-34.502  -5.0576825,15.060482,-4.100872
2013-07-18T14-42-34.504  3.9859114,6.898255,4.5211983
2013-07-18T14-42-34.515  4.1775126,6.783294,4.5211983
2013-07-18T14-42-34.538  4.100872,6.8216143,4.636159
2013-07-18T14-42-34.541  4.100872,6.783294,4.5595183
2013-07-18T14-42-34.544  3.9859114,6.8216143,4.5211983
2013-07-18T14-42-34.546  4.062552,6.783294,4.981042
2013-07-18T14-42-34.561  4.062552,6.7066536,3.2183075
2013-07-18T14-42-34.563  3.9475908,6.859935,5.0576825
2013-07-18T14-42-34.578  4.0242314,6.783294,4.1763153
2013-07-18T14-42-34.579  3.9092705,6.7449737,3.4865496
2013-07-18T14-42-34.595  4.0242314,6.7449737,5.0576825
2013-07-18T14-42-34.596  3.717669,6.783294,3.7164717
2013-07-18T14-42-34.612  3.83263,6.668333,4.137995
2013-07-18T14-42-34.613  4.062552,6.7066536,4.9044013
2013-07-18T14-42-34.629  3.9859114,6.8216143,3.6398308
2013-07-18T14-42-34.630  4.062552,6.8216143,4.5211983
2013-07-18T14-42-34.646  4.100872,6.5916924,4.5595183
2013-07-18T14-42-34.647  4.100872,6.783294,3.869753
2013-07-18T14-42-34.649  4.100872,6.859935,4.636159
2013-07-18T14-42-34.663  4.4074345,6.9365754,4.061354
2013-07-18T14-42-34.665  4.1775126,6.859935,3.9080732
2013-07-18T14-42-34.680  4.445755,6.898255,4.4828777
2013-07-18T14-42-34.681  4.330794,7.051536,3.869753
2013-07-18T14-42-34.697  4.292474,7.013216,4.0996747
2013-07-18T14-42-34.698  4.3691144,6.9748955,4.252956
2013-07-18T14-42-34.716  4.2541533,7.051536,4.137995
2013-07-18T14-42-34.717  4.292474,7.1281767,4.252956
2013-07-18T14-42-34.738  4.1775126,6.9748955,4.406237
2013-07-18T14-42-34.740  4.4840755,6.9748955,4.061354
2013-07-18T14-42-34.760  4.445755,6.9365754,4.214636
2013-07-18T14-42-34.761  4.5223956,7.013216,4.2912765
2013-07-18T14-42-34.763  4.445755,6.9365754,3.9080732
2013-07-18T14-42-34.764  4.445755,6.859935,4.252956
2013-07-18T14-42-34.781  4.3691144,6.859935,3.869753
2013-07-18T14-42-34.782  4.4074345,6.9748955,4.137995
2013-07-18T14-42-34.787  4.7139974,6.898255,4.061354
2013-07-18T14-42-34.798  4.790638,6.9748955,4.023034
2013-07-18T14-42-34.801  5.0972004,6.668333,4.1763153
2013-07-18T14-42-34.815  4.9822392,6.630013,4.1763153
2013-07-18T14-42-34.818  5.327122,6.5916924,3.9463935
2013-07-18T14-42-34.832  5.672005,6.32345,4.2912765
2013-07-18T14-42-34.834  5.786966,6.438411,4.1763153
2013-07-18T14-42-34.849  5.786966,6.3617706,3.8314326
2013-07-18T14-42-34.850  6.055208,6.630013,3.8314326
2013-07-18T14-42-34.869  6.131849,6.5533724,3.4482293
2013-07-18T14-42-34.872  6.476732,7.0898566,3.1799872
2013-07-18T14-42-34.889  7.013216,7.51138,3.409909
2013-07-18T14-42-34.891  7.894583,7.9329033,3.754792
2013-07-18T14-42-34.902  9.389075,8.546028,4.2912765
2013-07-18T14-42-34.903  10.423724,9.082513,5.1726437
2013-07-18T14-42-34.920  11.649974,10.193802,6.3605733
2013-07-18T14-42-34.922  12.41638,11.075169,7.548503
2013-07-18T14-42-34.943  13.144466,11.879895,8.276588
2013-07-18T14-42-34.944  13.834231,12.41638,8.736432
2013-07-18T14-42-34.946  14.562318,12.761263,8.966354
2013-07-18T14-42-34.965  15.252083,13.259427,9.272917
2013-07-18T14-42-34.966  16.248411,14.102474,9.081315
2013-07-18T14-42-34.967  17.551302,14.600637,9.004675
2013-07-18T14-42-34.970  19.007473,14.983841,9.272917
2013-07-18T14-42-34.999  19.505638,15.290403,9.73276
2013-07-18T14-42-35.000  19.467318,15.213763,10.1542845
2013-07-18T14-42-35.001  18.892513,14.94552,10.345885
2013-07-18T14-42-35.002  17.819544,14.140794,10.384206
2013-07-18T14-42-35.022  16.631615,13.336067,10.575808
2013-07-18T14-42-35.024  15.213763,12.41638,10.614128
2013-07-18T14-42-35.036  13.757591,11.573333,11.150612
2013-07-18T14-42-35.037  12.607982,10.615325,11.687097
2013-07-18T14-42-35.055  11.19013,9.159153,12.185261
2013-07-18T14-42-35.056  9.465716,7.7029815,12.645104
2013-07-18T14-42-35.073  7.8179426,6.055208,13.104948
2013-07-18T14-42-35.075  5.940247,4.4074345,13.181589
2013-07-18T14-42-35.087  3.7943096,2.8363018,13.104948
2013-07-18T14-42-35.088  1.8016534,1.38013,12.836706
2013-07-18T14-42-35.091  0.03891907,-0.07604187,12.223581
2013-07-18T14-42-35.107  -1.7621356,-0.9574091,11.725417
2013-07-18T14-42-35.109  -3.4865496,-1.6471747,10.844049
2013-07-18T14-42-35.121  -4.6744795,-1.8004559,9.962683
2013-07-18T14-42-35.122  -5.364245,-2.2602997,9.004675
2013-07-18T14-42-35.140  -5.9390497,-2.2219794,7.816745
2013-07-18T14-42-35.141  -6.1689715,-2.566862,6.858737
2013-07-18T14-42-35.156  -6.628815,-2.4519012,5.97737
2013-07-18T14-42-35.157  -6.7820964,-2.4902215,4.9427214
2013-07-18T14-42-35.171  -7.3952217,-2.5285418,4.137995
2013-07-18T14-42-35.172  -7.8933854,-2.6435027,3.3715887
2013-07-18T14-42-35.192  -8.199948,-2.6435027,2.7967842
2013-07-18T14-42-35.195  -8.46819,-2.4902215,1.9537371
2013-07-18T14-42-35.211  -8.544831,-2.7967842,1.3022919
2013-07-18T14-42-35.212  -8.6981125,-3.1799872,0.8041278
2013-07-18T14-42-35.223  -8.851394,-3.7164717,0.53588563
2013-07-18T14-42-35.224  -8.966354,-4.4445577,-0.26884094
2013-07-18T14-42-35.241  -9.349558,-5.364245,0.11436218
2013-07-18T14-42-35.244  -10.001003,-6.207292,-0.19220032
2013-07-18T14-42-35.246  -10.4991665,-6.8970575,0.38260436
2013-07-18T14-42-35.259  -10.959011,-7.586823,1.0340496
2013-07-18T14-42-35.264  -11.495495,-8.238269,0.9574091
2013-07-18T14-42-35.276  -11.840378,-8.161628,0.61252624
2013-07-18T14-42-35.278  -11.917019,-8.238269,0.68916684
2013-07-18T14-42-35.296  -11.648776,-8.123307,0.53588563
2013-07-18T14-42-35.297  -11.2655735,-8.314909,0.03772156
2013-07-18T14-42-35.299  -10.460847,-8.39155,-0.8053253
2013-07-18T14-42-35.308  -9.502839,-8.774753,-2.1465364
2013-07-18T14-42-35.329  -8.276588,-8.851394,-3.83263
2013-07-18T14-42-35.331  -7.6634636,-9.004675,-5.1355205
2013-07-18T14-42-35.349  -6.5138545,-9.349558,-5.8252864
2013-07-18T14-42-35.350  -5.7857685,-9.349558,-6.2468095
2013-07-18T14-42-35.351  -4.9044013,-9.541159,-6.0935283
2013-07-18T14-42-35.355  -3.8314326,-9.311237,-5.5953646
2013-07-18T14-42-35.378  -3.141667,-9.65612,-5.02056
2013-07-18T14-42-35.380  -2.0686982,-9.387877,-4.3691144
2013-07-18T14-42-35.399  -1.3022919,-9.119636,-2.989583
2013-07-18T14-42-35.400  0.03891907,-8.774753,-1.265169
2013-07-18T14-42-35.401  1.265169,-8.46819,0.26764342
2013-07-18T14-42-35.404  3.4111066,-7.586823,1.2256513
2013-07-18T14-42-35.412  5.5953646,-6.8970575,1.4172528
2013-07-18T14-42-35.426  7.8562627,-6.437214,1.187331
2013-07-18T14-42-35.428  9.810598,-5.900729,0.8807684
2013-07-18T14-42-35.448  12.41638,-5.479206,0.68916684
2013-07-18T14-42-35.450  15.558645,-5.479206,1.3406122
2013-07-18T14-42-35.452  18.66259,-4.981042,2.3752606
2013-07-18T14-42-35.460  19.543959,-4.406237,3.8314326
2013-07-18T14-42-35.476  19.543959,-3.754792,5.2109637
2013-07-18T14-42-35.477  19.543959,-3.2566278,6.6671357
2013-07-18T14-42-35.496  19.543959,-3.2566278,7.740104
2013-07-18T14-42-35.497  19.543959,-3.0650263,9.042995
2013-07-18T14-42-35.510  19.543959,-2.9500654,9.157956
2013-07-18T14-42-35.511  19.543959,-2.6051824,8.659792
2013-07-18T14-42-35.535  19.543959,-2.29862,7.356901
2013-07-18T14-42-35.536  19.543959,-2.4519012,7.0503387
2013-07-18T14-42-35.555  19.543959,-2.7584639,6.7820964
2013-07-18T14-42-35.557  19.543959,-2.6435027,7.2419405
2013-07-18T14-42-35.558  19.543959,-2.681823,7.6251435
2013-07-18T14-42-35.569  19.543959,-2.566862,7.6634636
2013-07-18T14-42-35.570  19.543959,-2.4519012,7.2802606
2013-07-18T14-42-35.582  19.543959,-2.7201433,6.5521746
2013-07-18T14-42-35.583  19.543959,-3.026706,5.709128
2013-07-18T14-42-35.595  19.543959,-2.9500654,4.9427214
2013-07-18T14-42-35.597  19.543959,-3.3715887,4.597839
2013-07-18T14-42-35.611  19.543959,-4.023034,4.137995
2013-07-18T14-42-35.612  19.543959,-4.597839,3.294948
2013-07-18T14-42-35.629  19.543959,-5.0960026,2.2219794
2013-07-18T14-42-35.630  19.58228,-5.900729,1.5322137
2013-07-18T14-42-35.645  19.543959,-6.3988934,1.1490107
2013-07-18T14-42-35.646  18.432669,-6.437214,1.07237
2013-07-18T14-42-35.669  16.248411,-6.5138545,1.3789325
2013-07-18T14-42-35.670  13.949192,-6.628815,1.5322137
2013-07-18T14-42-35.671  11.726614,-6.7820964,1.9920574
2013-07-18T14-42-35.677  9.96388,-6.973698,1.9154168
2013-07-18T14-42-35.700  7.588021,-7.0886593,1.9537371
2013-07-18T14-42-35.702  5.403763,-7.2419405,1.8387762
2013-07-18T14-42-35.703  2.9129424,-7.2802606,1.4172528
2013-07-18T14-42-35.717  1.1502081,-7.0503387,0.9190887
2013-07-18T14-42-35.719  -1.187331,-7.20362,0.459245
2013-07-18T14-42-35.731  -3.52487,-7.2802606,-0.19220032
2013-07-18T14-42-35.733  -5.9390497,-6.973698,-0.53708315
2013-07-18T14-42-35.749  -7.816745,-6.628815,-0.30716124
2013-07-18T14-42-35.750  -8.966354,-5.862409,0.11436218
2013-07-18T14-42-35.768  -9.541159,-5.325925,0.8041278
2013-07-18T14-42-35.770  -10.115964,-5.134323,1.1106904
2013-07-18T14-42-35.785  -9.924362,-5.0960026,1.4172528
2013-07-18T14-42-35.786  -10.384206,-5.019362,1.4555731
2013-07-18T14-42-35.799  -10.997331,-5.134323,1.4555731
2013-07-18T14-42-35.800  -11.725417,-4.5595183,1.4555731
2013-07-18T14-42-35.817  -11.802057,-4.5595183,1.9537371
2013-07-18T14-42-35.818  -13.33487,-4.367917,1.685495
2013-07-18T14-42-35.838  -13.641433,-4.3295965,1.4555731
2013-07-18T14-42-35.839  -13.947995,-3.8314326,1.5705341
2013-07-18T14-42-35.840  -14.254558,-3.52487,1.5322137
2013-07-18T14-42-35.846  -13.871354,-2.9883857,1.2256513
2013-07-18T14-42-35.854  -13.258229,-2.6051824,1.3022919
2013-07-18T14-42-35.868  -12.0703,-2.2602997,1.07237
2013-07-18T14-42-35.869  -10.767409,-2.1070185,0.65084654
2013-07-18T14-42-35.886  -9.962683,-1.8770965,0.53588563
2013-07-18T14-42-35.887  -9.081315,-1.685495,0.68916684
2013-07-18T14-42-35.906  -8.42987,-1.2256513,1.187331
2013-07-18T14-42-35.907  -7.740104,-0.7658075,1.6088544
2013-07-18T14-42-35.919  -7.1269794,-0.1526825,2.1453388
2013-07-18T14-42-35.920  -6.475534,0.88196594,2.4902215
2013-07-18T14-42-35.940  -4.8277607,1.8016534,3.1799872
2013-07-18T14-42-35.941  -2.2602997,2.60638,3.9847138
2013-07-18T14-42-35.942  0.84364563,3.83263,5.0960026
2013-07-18T14-42-35.950  4.7523174,4.9822392,6.5521746
2013-07-18T14-42-35.968  8.507709,6.0168877,8.544831
2013-07-18T14-42-35.969  11.611653,6.898255,10.345885
2013-07-18T14-42-35.985  14.447356,7.4730597,11.763737
2013-07-18T14-42-35.986  16.13345,8.124505,12.185261
2013-07-18T14-42-36.007  17.47466,8.239466,11.725417
2013-07-18T14-42-36.009  17.934505,8.239466,10.997331
2013-07-18T14-42-36.009  18.126106,8.239466,10.805729
2013-07-18T14-42-36.026  18.279388,8.507709,11.112292
2013-07-18T14-42-36.027  18.70091,8.699309,11.802057
2013-07-18T14-42-36.030  18.317709,8.392747,12.721745
2013-07-18T14-42-36.038  18.317709,8.316107,14.139597
2013-07-18T14-42-36.059  17.551302,8.546028,14.062956
2013-07-18T14-42-36.061  16.784895,8.009544,13.794714
2013-07-18T14-42-36.062  16.363373,7.9329033,13.181589
2013-07-18T14-42-36.070  15.520326,7.626341,12.606784
2013-07-18T14-42-36.094  14.792239,7.588021,12.338542
2013-07-18T14-42-36.095  13.489348,7.166497,12.0703
2013-07-18T14-42-36.096  12.41638,7.013216,11.9553385
2013-07-18T14-42-36.102  11.15181,6.630013,11.6104555
2013-07-18T14-42-36.120  10.155481,6.400091,11.073972
2013-07-18T14-42-36.121  9.120833,6.32345,10.614128
2013-07-18T14-42-36.137  8.201145,5.786966,10.1542845
2013-07-18T14-42-36.138  7.626341,5.6336846,9.65612
2013-07-18T14-42-36.159  6.859935,5.6336846,9.272917
2013-07-18T14-42-36.160  6.476732,5.518724,8.621471
2013-07-18T14-42-36.161  6.0935283,5.2504816,7.8550653
2013-07-18T14-42-36.175  5.901927,4.4840755,6.628815
2013-07-18T14-42-36.177  5.403763,4.943919,6.0540104
