2013-07-23T00-10-12.306  -17.396824,-17.894987,-16.784895
2013-07-23T00-10-12.310  2.989583,-12.760065,0.11436218
2013-07-23T00-10-12.319  9.044192,-13.181589,4.636159
2013-07-23T00-10-12.348  15.941849,-12.760065,10.1542845
2013-07-23T00-10-12.350  19.543959,-11.227253,15.902331
2013-07-23T00-10-12.352  19.543959,-8.46819,19.50444
2013-07-23T00-10-12.353  19.543959,-6.207292,19.581081
2013-07-23T00-10-12.375  19.543959,-4.5595183,19.581081
2013-07-23T00-10-12.377  19.543959,-3.869753,19.581081
2013-07-23T00-10-12.394  19.543959,-3.9463935,19.581081
2013-07-23T00-10-12.395  19.543959,-3.9847138,19.581081
2013-07-23T00-10-12.397  19.543959,-3.294948,19.581081
2013-07-23T00-10-12.413  19.543959,-2.3752606,19.581081
2013-07-23T00-10-12.416  19.543959,-1.8387762,19.581081
2013-07-23T00-10-12.437  19.543959,-0.7658075,19.581081
2013-07-23T00-10-12.439  19.58228,-0.65084654,19.581081
2013-07-23T00-10-12.449  19.543959,-0.26764342,19.581081
2013-07-23T00-10-12.450  19.543959,0.15388,19.581081
2013-07-23T00-10-12.466  19.543959,-0.26764342,19.581081
2013-07-23T00-10-12.473  19.543959,-1.2639716,19.581081
2013-07-23T00-10-12.487  19.543959,-2.4902215,19.389479
2013-07-23T00-10-12.488  19.543959,-4.3295965,18.546432
2013-07-23T00-10-12.490  19.543959,-5.4408855,16.438816
2013-07-23T00-10-12.491  18.739231,-6.3222528,15.020964
2013-07-23T00-10-12.506  16.363373,-6.7437763,13.718073
2013-07-23T00-10-12.508  13.910872,-7.0503387,11.917019
2013-07-23T00-10-12.522  12.224778,-7.20362,10.537487
2013-07-23T00-10-12.523  10.385404,-7.548503,8.238269
2013-07-23T00-10-12.541  8.929232,-8.583151,5.747448
2013-07-23T00-10-12.542  7.243138,-9.234596,4.367917
2013-07-23T00-10-12.543  5.786966,-10.001003,2.911745
2013-07-23T00-10-12.558  4.100872,-10.269245,2.3369403
2013-07-23T00-10-12.559  2.3764582,-10.652448,2.4519012
2013-07-23T00-10-12.575  0.65204406,-10.230925,2.29862
2013-07-23T00-10-12.577  -0.8807684,-9.771081,2.7201433
2013-07-23T00-10-12.590  -1.685495,-9.311237,3.0650263
2013-07-23T00-10-12.591  -2.1453388,-9.234596,2.4519012
2013-07-23T00-10-12.605  -2.4902215,-9.272917,1.2256513
2013-07-23T00-10-12.606  -2.7584639,-9.004675,-0.61372375
2013-07-23T00-10-12.624  -2.7967842,-9.119636,-2.721341
2013-07-23T00-10-12.625  -3.4482293,-9.541159,-4.790638
2013-07-23T00-10-12.642  -4.214636,-9.771081,-6.476732
2013-07-23T00-10-12.643  -5.2492843,-10.039323,-6.859935
2013-07-23T00-10-12.660  -6.590495,-10.460847,-7.0898566
2013-07-23T00-10-12.661  -7.5101824,-10.805729,-7.166497
2013-07-23T00-10-12.676  -9.157956,-11.495495,-6.7066536
2013-07-23T00-10-12.677  -11.380534,-11.840378,-5.518724
2013-07-23T00-10-12.693  -13.794714,-12.03198,-4.675677
2013-07-23T00-10-12.694  -15.940651,-11.495495,-4.292474
2013-07-23T00-10-12.696  -17.665066,-11.035651,-4.943919
2013-07-23T00-10-12.713  -18.316511,-10.729089,-6.0935283
2013-07-23T00-10-12.714  -18.20155,-10.4991665,-7.1281767
2013-07-23T00-10-12.719  -17.05194,-10.192604,-7.9329033
2013-07-23T00-10-12.726  -15.902331,-10.192604,-8.162826
2013-07-23T00-10-12.744  -14.331198,-10.115964,-8.201145
2013-07-23T00-10-12.748  -12.989987,-10.384206,-8.0861845
2013-07-23T00-10-12.766  -11.188932,-10.767409,-7.7029815
2013-07-23T00-10-12.768  -9.6178,-11.188932,-7.013216
2013-07-23T00-10-12.769  -6.973698,-11.495495,-5.8252864
2013-07-23T00-10-12.775  -4.137995,-11.380534,-4.7139974
2013-07-23T00-10-12.793  -1.7238153,-10.001003,-2.874622
2013-07-23T00-10-12.794  0.767005,-8.3532295,-0.57540345
2013-07-23T00-10-12.817  4.828958,-6.8970575,1.4938934
2013-07-23T00-10-12.819  9.810598,-5.2109637,3.3715887
2013-07-23T00-10-12.820  14.83056,-2.3752606,5.2109637
2013-07-23T00-10-12.823  19.045794,0.30716124,7.318581
2013-07-23T00-10-12.843  19.543959,2.5297394,10.1542845
2013-07-23T00-10-12.845  19.543959,4.828958,13.449831
2013-07-23T00-10-12.865  19.543959,6.170169,17.1669
2013-07-23T00-10-12.867  19.543959,7.013216,19.46612
2013-07-23T00-10-12.868  19.543959,7.3197784,19.581081
2013-07-23T00-10-12.885  19.543959,7.3197784,19.581081
2013-07-23T00-10-12.888  19.543959,6.5916924,19.581081
2013-07-23T00-10-12.889  19.543959,6.055208,19.581081
2013-07-23T00-10-12.896  19.543959,5.1355205,19.581081
2013-07-23T00-10-12.917  19.543959,4.9055986,19.581081
2013-07-23T00-10-12.918  19.543959,4.4840755,19.581081
2013-07-23T00-10-12.920  19.58228,3.9475908,19.581081
2013-07-23T00-10-12.927  19.543959,3.449427,19.581081
2013-07-23T00-10-12.948  19.543959,2.5680597,19.581081
2013-07-23T00-10-12.950  18.202747,2.108216,19.581081
2013-07-23T00-10-12.970  16.631615,2.223177,19.236198
2013-07-23T00-10-12.971  15.443685,1.5334113,18.04827
2013-07-23T00-10-12.972  14.332396,0.767005,16.93698
2013-07-23T00-10-12.975  13.412708,-0.03772156,15.595768
2013-07-23T00-10-12.995  11.879895,-1.8004559,14.56112
2013-07-23T00-10-12.996  9.5423565,-3.5631902,13.488152
2013-07-23T00-10-13.021  7.3197784,-5.6708074,12.836706
2013-07-23T00-10-13.022  4.3691144,-7.4718623,12.989987
2013-07-23T00-10-13.024  0.92028624,-8.774753,13.603112
2013-07-23T00-10-13.026  -1.8387762,-10.039323,14.062956
2013-07-23T00-10-13.032  -4.6744795,-10.805729,13.871354
2013-07-23T00-10-13.052  -6.245612,-11.878698,13.104948
2013-07-23T00-10-13.053  -7.701784,-13.104948,12.185261
2013-07-23T00-10-13.070  -8.851394,-13.986316,11.227253
2013-07-23T00-10-13.073  -10.4991665,-14.484479,11.035651
2013-07-23T00-10-13.098  -12.530144,-14.791042,11.073972
2013-07-23T00-10-13.100  -14.599441,-14.752722,11.687097
2013-07-23T00-10-13.102  -16.9753,-14.024635,12.491823
2013-07-23T00-10-13.104  -18.623074,-13.181589,12.951667
2013-07-23T00-10-13.121  -19.159557,-12.989987,12.645104
2013-07-23T00-10-13.123  -18.546432,-13.028308,11.687097
2013-07-23T00-10-13.124  -17.320183,-13.258229,10.690768
2013-07-23T00-10-13.129  -15.595768,-13.41151,9.387877
2013-07-23T00-10-13.159  -13.756393,-14.024635,7.7784247
2013-07-23T00-10-13.161  -12.185261,-14.216237,6.207292
2013-07-23T00-10-13.162  -11.2655735,-14.024635,4.636159
2013-07-23T00-10-13.164  -10.805729,-13.909675,3.141667
2013-07-23T00-10-13.168  -10.345885,-13.526471,1.8770965
2013-07-23T00-10-13.190  -9.847721,-13.679752,0.57420594
2013-07-23T00-10-13.192  -9.042995,-13.986316,-0.57540345
2013-07-23T00-10-13.209  -8.6981125,-14.216237,-1.6100519
2013-07-23T00-10-13.210  -8.42987,-14.139597,-2.0698957
2013-07-23T00-10-13.212  -7.7784247,-14.599441,-2.7596612
2013-07-23T00-10-13.217  -6.820417,-15.174245,-3.334466
2013-07-23T00-10-13.238  -5.709128,-15.097605,-3.5260675
2013-07-23T00-10-13.245  -3.9463935,-15.6340885,-3.1811848
2013-07-23T00-10-13.247  -2.4902215,-15.82569,-2.5680597
2013-07-23T00-10-13.249  -1.2256513,-15.595768,-2.4147785
2013-07-23T00-10-13.267  -0.22932312,-15.557448,-1.8399738
2013-07-23T00-10-13.270  0.53708315,-15.595768,-1.38013
2013-07-23T00-10-13.290  0.57540345,-15.442487,0.07604187
2013-07-23T00-10-13.292  0.23052064,-15.6340885,1.685495
2013-07-23T00-10-13.293  -0.1526825,-15.864011,3.6781511
2013-07-23T00-10-13.297  -0.34428406,-15.71073,5.325925
2013-07-23T00-10-13.305  0.53708315,-15.480807,6.705456
2013-07-23T00-10-13.317  3.2578254,-16.093933,7.701784
2013-07-23T00-10-13.322  6.668333,-16.285534,8.621471
2013-07-23T00-10-13.340  10.9985285,-16.247213,10.115964
2013-07-23T00-10-13.341  15.826888,-15.595768,12.185261
2013-07-23T00-10-13.345  19.314035,-14.024635,13.794714
2013-07-23T00-10-13.353  19.543959,-12.223581,15.480807
2013-07-23T00-10-13.367  19.543959,-10.4991665,16.285534
2013-07-23T00-10-13.369  19.543959,-9.311237,16.362175
2013-07-23T00-10-13.388  19.543959,-8.39155,16.285534
2013-07-23T00-10-13.390  19.543959,-7.931706,16.247213
2013-07-23T00-10-13.409  19.543959,-7.586823,16.745378
2013-07-23T00-10-13.411  19.543959,-7.0886593,17.665066
2013-07-23T00-10-13.412  19.58228,-7.3952217,18.04827
2013-07-23T00-10-13.417  19.543959,-7.0503387,17.703386
2013-07-23T00-10-13.436  19.543959,-6.7820964,16.707058
2013-07-23T00-10-13.437  19.543959,-6.1689715,14.944324
2013-07-23T00-10-13.456  19.543959,-5.5558467,13.104948
2013-07-23T00-10-13.458  19.543959,-5.2492843,11.802057
2013-07-23T00-10-13.459  19.543959,-5.325925,10.805729
2013-07-23T00-10-13.475  19.543959,-5.862409,10.1542845
2013-07-23T00-10-13.476  19.543959,-6.590495,9.65612
2013-07-23T00-10-13.488  19.543959,-7.5101824,9.196277
2013-07-23T00-10-13.490  19.543959,-8.774753,8.544831
2013-07-23T00-10-13.507  19.543959,-10.039323,8.276588
2013-07-23T00-10-13.510  19.543959,-11.342214,7.6634636
2013-07-23T00-10-13.524  19.543959,-12.415182,7.3952217
2013-07-23T00-10-13.526  19.543959,-12.491823,7.433542
2013-07-23T00-10-13.541  19.543959,-12.03198,8.084988
2013-07-23T00-10-13.544  19.543959,-11.725417,8.314909
2013-07-23T00-10-13.560  19.543959,-12.03198,7.816745
2013-07-23T00-10-13.562  19.543959,-13.104948,5.5558467
2013-07-23T00-10-13.563  19.543959,-14.292878,3.4482293
2013-07-23T00-10-13.570  19.543959,-15.404167,1.7621356
2013-07-23T00-10-13.597  19.428997,-16.9753,1.2639716
2013-07-23T00-10-13.600  17.39802,-18.891315,2.6051824
2013-07-23T00-10-13.601  14.255755,-19.581081,4.636159
2013-07-23T00-10-13.602  10.155481,-19.581081,6.9353776
2013-07-23T00-10-13.611  5.7103252,-19.581081,8.544831
2013-07-23T00-10-13.624  0.767005,-19.581081,9.541159
2013-07-23T00-10-13.626  -4.75112,-19.581081,11.840378
2013-07-23T00-10-13.642  -9.962683,-19.581081,16.247213
2013-07-23T00-10-13.644  -14.139597,-19.581081,19.197878
2013-07-23T00-10-13.656  -15.74905,-19.581081,19.581081
2013-07-23T00-10-13.659  -14.484479,-19.581081,19.581081
2013-07-23T00-10-13.673  -11.763737,-19.581081,19.581081
2013-07-23T00-10-13.675  -8.46819,-19.581081,19.581081
2013-07-23T00-10-13.690  -5.6324873,-19.581081,19.581081
2013-07-23T00-10-13.691  -4.367917,-19.581081,19.581081
2013-07-23T00-10-13.708  -4.214636,-19.581081,19.581081
2013-07-23T00-10-13.709  -5.325925,-19.197878,19.581081
2013-07-23T00-10-13.724  -6.7437763,-17.05194,19.581081
2013-07-23T00-10-13.725  -7.8933854,-14.484479,19.581081
