2013-07-23T00-09-43.805  -8.621471,5.5953646,-4.943919
2013-07-23T00-09-43.809  2.4530988,-11.533815,2.566862
2013-07-23T00-09-43.810  7.396419,-10.959011,6.092331
2013-07-23T00-09-43.817  12.799583,-10.537487,10.88237
2013-07-23T00-09-43.831  18.202747,-9.65612,15.097605
2013-07-23T00-09-43.833  19.543959,-8.621471,18.967957
2013-07-23T00-09-43.855  19.543959,-7.970026,19.581081
2013-07-23T00-09-43.858  19.543959,-7.7784247,19.581081
2013-07-23T00-09-43.859  19.543959,-7.2419405,19.581081
2013-07-23T00-09-43.866  19.543959,-7.3952217,19.581081
2013-07-23T00-09-43.886  19.543959,-7.318581,19.581081
2013-07-23T00-09-43.889  19.543959,-7.1269794,19.581081
2013-07-23T00-09-43.902  19.543959,-7.1653,19.581081
2013-07-23T00-09-43.904  19.543959,-6.973698,19.581081
2013-07-23T00-09-43.907  19.543959,-6.6671357,19.581081
2013-07-23T00-09-43.920  19.543959,-6.7437763,19.581081
2013-07-23T00-09-43.922  19.543959,-6.590495,19.581081
2013-07-23T00-09-43.936  19.543959,-6.705456,19.581081
2013-07-23T00-09-43.941  19.543959,-6.1306515,19.351158
2013-07-23T00-09-43.954  19.543959,-5.9390497,18.163229
2013-07-23T00-09-43.956  19.543959,-5.7857685,16.707058
2013-07-23T00-09-43.975  19.543959,-6.1306515,14.139597
2013-07-23T00-09-43.977  19.543959,-6.5138545,12.913346
2013-07-23T00-09-43.978  19.543959,-7.3952217,11.917019
2013-07-23T00-09-43.986  19.543959,-8.42987,11.303893
2013-07-23T00-09-44.007  19.543959,-9.196277,11.150612
2013-07-23T00-09-44.009  19.505638,-9.847721,9.924362
2013-07-23T00-09-44.025  18.164427,-10.345885,8.928034
2013-07-23T00-09-44.027  16.17177,-10.652448,8.199948
2013-07-23T00-09-44.028  14.409037,-11.188932,7.5101824
2013-07-23T00-09-44.034  12.569661,-11.572136,7.2419405
2013-07-23T00-09-44.055  10.385404,-12.415182,6.590495
2013-07-23T00-09-44.056  8.77595,-13.143269,5.5558467
2013-07-23T00-09-44.076  6.32345,-14.331198,4.8660808
2013-07-23T00-09-44.077  3.449427,-15.212565,4.6744795
2013-07-23T00-09-44.078  0.72868466,-15.74905,3.869753
2013-07-23T00-09-44.082  -0.8041278,-15.902331,3.1033466
2013-07-23T00-09-44.090  -2.2602997,-16.247213,1.9154168
2013-07-23T00-09-44.104  -3.1799872,-15.6340885,0.65084654
2013-07-23T00-09-44.106  -3.1799872,-15.135924,-0.03891907
2013-07-23T00-09-44.124  -3.754792,-15.020964,-0.61372375
2013-07-23T00-09-44.126  -4.3295965,-14.63776,-0.65204406
2013-07-23T00-09-44.141  -5.6708074,-14.676081,-0.61372375
2013-07-23T00-09-44.147  -7.548503,-14.5227995,-0.38380188
2013-07-23T00-09-44.165  -9.8094015,-14.216237,-0.38380188
2013-07-23T00-09-44.167  -11.917019,-13.986316,-0.15388
2013-07-23T00-09-44.171  -14.024635,-14.101276,0.1910028
2013-07-23T00-09-44.172  -15.6340885,-13.8330345,0.61252624
2013-07-23T00-09-44.189  -17.320183,-13.143269,-0.15388
2013-07-23T00-09-44.190  -18.20155,-13.104948,-1.5334113
2013-07-23T00-09-44.214  -18.738033,-12.913346,-3.0279036
2013-07-23T00-09-44.215  -18.584753,-12.530144,-4.215833
2013-07-23T00-09-44.216  -18.20155,-11.687097,-4.599036
2013-07-23T00-09-44.218  -17.1669,-11.073972,-4.828958
2013-07-23T00-09-44.228  -16.630417,-10.460847,-4.9055986
2013-07-23T00-09-44.240  -16.362175,-9.886042,-5.2888017
2013-07-23T00-09-44.242  -15.9789715,-9.426198,-5.6336846
2013-07-23T00-09-44.259  -15.71073,-9.387877,-6.5916924
2013-07-23T00-09-44.261  -15.174245,-9.962683,-8.047864
2013-07-23T00-09-44.277  -13.603112,-10.460847,-9.580677
2013-07-23T00-09-44.279  -11.342214,-11.073972,-10.921887
2013-07-23T00-09-44.293  -8.851394,-11.342214,-11.918216
2013-07-23T00-09-44.295  -5.9390497,-11.572136,-12.761263
2013-07-23T00-09-44.310  -3.026706,-11.9553385,-12.799583
2013-07-23T00-09-44.312  0.23052064,-12.415182,-11.688294
2013-07-23T00-09-44.327  4.1391926,-12.453503,-9.197474
2013-07-23T00-09-44.329  8.009544,-12.0703,-4.7523174
2013-07-23T00-09-44.351  11.726614,-10.001003,1.4172528
2013-07-23T00-09-44.352  16.05681,-9.042995,8.813073
2013-07-23T00-09-44.353  19.314035,-9.847721,16.668737
2013-07-23T00-09-44.356  19.543959,-8.928034,19.581081
2013-07-23T00-09-44.376  19.543959,-8.42987,19.581081
2013-07-23T00-09-44.378  19.543959,-8.42987,19.581081
2013-07-23T00-09-44.382  19.543959,-8.583151,19.581081
2013-07-23T00-09-44.397  19.543959,-8.774753,19.581081
2013-07-23T00-09-44.399  19.543959,-8.506511,19.581081
2013-07-23T00-09-44.403  19.543959,-8.123307,19.581081
2013-07-23T00-09-44.411  19.543959,-8.008347,19.581081
2013-07-23T00-09-44.427  19.237396,-7.548503,19.581081
2013-07-23T00-09-44.429  16.363373,-6.858737,19.581081
2013-07-23T00-09-44.443  12.876224,-5.364245,19.581081
2013-07-23T00-09-44.445  10.883568,-4.061354,19.581081
2013-07-23T00-09-44.462  9.312435,-2.8734248,19.581081
2013-07-23T00-09-44.464  8.047864,-1.8004559,19.581081
2013-07-23T00-09-44.484  7.2048173,-1.3789325,19.581081
2013-07-23T00-09-44.485  6.055208,-0.65084654,18.852995
2013-07-23T00-09-44.487  4.560716,-0.57420594,17.281862
2013-07-23T00-09-44.492  3.4111066,0.11555969,16.400496
2013-07-23T00-09-44.517  1.7633331,0.4604425,15.864011
2013-07-23T00-09-44.519  0.84364563,0.49876282,15.595768
2013-07-23T00-09-44.538  -0.4975653,0.57540345,15.059284
2013-07-23T00-09-44.542  -1.5705341,0.72868466,14.56112
2013-07-23T00-09-44.544  -2.7201433,0.72868466,13.756393
