2013-07-23T00-08-49.556  14.102474,-13.181589,-1.1502081
2013-07-23T00-08-49.558  6.32345,-14.407839,-3.5643878
2013-07-23T00-08-49.583  5.403763,-14.63776,-4.1391926
2013-07-23T00-08-49.584  4.3691144,-14.791042,-4.6373568
2013-07-23T00-08-49.586  3.2578254,-14.407839,-5.212161
2013-07-23T00-08-49.589  1.9166144,-14.599441,-5.02056
2013-07-23T00-08-49.598  0.07723938,-14.292878,-5.518724
2013-07-23T00-08-49.616  -1.4938934,-13.104948,-5.212161
2013-07-23T00-08-49.618  -1.6471747,-11.725417,-3.602708
2013-07-23T00-08-49.621  -1.685495,-10.077643,-6.0168877
2013-07-23T00-08-49.629  -1.0340496,-9.004675,-5.4804034
2013-07-23T00-08-49.651  -0.38260436,-8.123307,-7.243138
2013-07-23T00-08-49.653  0.4604425,-6.2839327,-8.852591
2013-07-23T00-08-49.654  1.495091,-5.747448,-7.971224
2013-07-23T00-08-49.662  1.4567707,-4.6744795,-7.779622
2013-07-23T00-08-49.682  1.265169,-2.8734248,-7.4347396
2013-07-23T00-08-49.685  1.1502081,-1.8387762,-5.212161
2013-07-23T00-08-49.702  1.7633331,-1.0340496,-4.7139974
2013-07-23T00-08-49.703  2.491419,-0.1910028,-3.4111066
2013-07-23T00-08-49.705  3.3727863,0.53708315,-1.2268487
2013-07-23T00-08-49.710  4.8672786,1.0735675,-0.23052064
2013-07-23T00-08-49.737  6.3617706,1.6866925,2.1070185
2013-07-23T00-08-49.738  8.584349,2.2614973,4.214636
2013-07-23T00-08-49.739  10.9985285,2.5297394,5.862409
2013-07-23T00-08-49.742  13.182786,2.60638,7.931706
2013-07-23T00-08-49.751  14.523997,2.2614973,10.039323
2013-07-23T00-08-49.770  15.252083,1.8782941,12.453503
2013-07-23T00-08-49.771  15.137122,1.6483722,15.82569
2013-07-23T00-08-49.774  14.715599,0.49876282,19.121237
2013-07-23T00-08-49.782  13.64263,0.03891907,19.581081
2013-07-23T00-08-49.797  11.649974,0.11555969,19.581081
2013-07-23T00-08-49.798  10.193802,0.38380188,19.581081
2013-07-23T00-08-49.813  9.810598,-0.22932312,19.581081
2013-07-23T00-08-49.815  9.389075,-0.9957294,19.581081
2013-07-23T00-08-49.835  9.92556,-2.2602997,19.581081
2013-07-23T00-08-49.837  10.500364,-4.061354,19.581081
2013-07-23T00-08-49.854  10.040521,-5.97737,19.581081
2013-07-23T00-08-49.855  8.584349,-8.123307,19.581081
2013-07-23T00-08-49.871  5.7103252,-11.150612,19.581081
2013-07-23T00-08-49.872  1.8016534,-13.564792,19.581081
2013-07-23T00-08-49.873  -3.3332684,-15.327526,19.581081
2013-07-23T00-08-49.878  -8.161628,-14.369518,19.581081
2013-07-23T00-08-49.887  -10.460847,-14.216237,19.581081
2013-07-23T00-08-49.899  -10.115964,-14.331198,19.581081
2013-07-23T00-08-49.904  -9.6178,-14.56112,19.581081
2013-07-23T00-08-49.922  -8.238269,-14.867682,19.581081
2013-07-23T00-08-49.923  -7.318581,-14.254558,19.581081
2013-07-23T00-08-49.927  -6.5138545,-13.947995,19.006277
2013-07-23T00-08-49.934  -6.207292,-13.41151,16.630417
2013-07-23T00-08-49.959  -5.9390497,-12.721745,14.216237
2013-07-23T00-08-49.961  -6.245612,-11.802057,12.261901
2013-07-23T00-08-49.962  -6.7820964,-11.227253,11.150612
2013-07-23T00-08-49.967  -7.6251435,-10.269245,10.1542845
2013-07-23T00-08-49.988  -8.42987,-9.387877,9.387877
2013-07-23T00-08-49.989  -8.889713,-9.502839,9.004675
2013-07-23T00-08-50.003  -9.349558,-8.813073,8.276588
2013-07-23T00-08-50.004  -9.387877,-8.544831,7.816745
2013-07-23T00-08-50.018  -9.004675,-9.157956,6.437214
2013-07-23T00-08-50.020  -8.6981125,-9.502839,5.4408855
2013-07-23T00-08-50.035  -8.506511,-10.192604,4.214636
2013-07-23T00-08-50.037  -8.889713,-10.997331,2.911745
2013-07-23T00-08-50.057  -9.234596,-11.342214,2.1453388
2013-07-23T00-08-50.059  -10.001003,-11.878698,1.4938934
2013-07-23T00-08-50.060  -10.537487,-12.0703,1.2256513
2013-07-23T00-08-50.063  -10.959011,-12.491823,0.7274872
2013-07-23T00-08-50.072  -11.763737,-12.645104,0.03772156
2013-07-23T00-08-50.088  -12.338542,-12.338542,-0.88196594
2013-07-23T00-08-50.092  -12.721745,-12.338542,-1.6483722
2013-07-23T00-08-50.112  -12.645104,-12.10862,-2.4530988
2013-07-23T00-08-50.114  -12.645104,-11.725417,-3.0279036
2013-07-23T00-08-50.129  -12.03198,-11.725417,-3.4111066
2013-07-23T00-08-50.131  -11.073972,-11.763737,-3.4111066
2013-07-23T00-08-50.132  -10.230925,-11.878698,-3.219505
2013-07-23T00-08-50.136  -9.73276,-11.457174,-3.5260675
2013-07-23T00-08-50.155  -8.583151,-11.303893,-2.8363018
2013-07-23T00-08-50.157  -7.816745,-11.342214,-2.4530988
2013-07-23T00-08-50.172  -7.586823,-10.88237,-2.0698957
2013-07-23T00-08-50.173  -6.9353776,-11.303893,-1.6100519
2013-07-23T00-08-50.194  -6.0540104,-11.763737,-1.4567707
2013-07-23T00-08-50.195  -4.4828777,-11.418855,-1.5334113
2013-07-23T00-08-50.197  -2.6051824,-11.572136,-1.6100519
2013-07-23T00-08-50.200  -0.34428406,-11.572136,-2.491419
2013-07-23T00-08-50.208  0.9969269,-11.112292,-3.717669
2013-07-23T00-08-50.231  1.7633331,-11.533815,-4.3691144
2013-07-23T00-08-50.233  1.9549347,-11.572136,-4.599036
2013-07-23T00-08-50.253  1.5717316,-10.997331,-3.7943096
2013-07-23T00-08-50.254  1.4567707,-11.073972,-1.9166144
2013-07-23T00-08-50.255  3.0279036,-12.10862,0.7658075
2013-07-23T00-08-50.257  5.212161,-12.760065,3.6015105
2013-07-23T00-08-50.276  7.5497003,-12.645104,6.092331
2013-07-23T00-08-50.277  10.500364,-13.104948,8.889713
2013-07-23T00-08-50.289  15.098802,-13.718073,12.223581
2013-07-23T00-08-50.291  19.352356,-13.33487,14.63776
2013-07-23T00-08-50.313  19.543959,-11.725417,16.438816
2013-07-23T00-08-50.314  19.58228,-9.886042,17.780025
2013-07-23T00-08-50.338  19.543959,-8.276588,18.508112
2013-07-23T00-08-50.340  19.543959,-7.7784247,18.43147
2013-07-23T00-08-50.356  19.543959,-8.544831,17.971628
2013-07-23T00-08-50.357  19.543959,-10.269245,18.009949
2013-07-23T00-08-50.359  19.543959,-11.9553385,19.31284
2013-07-23T00-08-50.362  19.543959,-11.993659,19.581081
2013-07-23T00-08-50.363  19.543959,-11.802057,19.581081
2013-07-23T00-08-50.378  19.543959,-11.188932,19.581081
2013-07-23T00-08-50.380  19.543959,-10.192604,19.581081
2013-07-23T00-08-50.384  19.543959,-9.579479,19.581081
2013-07-23T00-08-50.392  19.543959,-8.966354,19.581081
2013-07-23T00-08-50.405  19.543959,-8.583151,19.50444
2013-07-23T00-08-50.409  19.543959,-7.8933854,18.469791
2013-07-23T00-08-50.426  19.543959,-7.3952217,17.281862
2013-07-23T00-08-50.427  19.543959,-7.20362,16.822018
2013-07-23T00-08-50.441  19.543959,-7.20362,16.783699
2013-07-23T00-08-50.442  19.543959,-7.5101824,16.515455
2013-07-23T00-08-50.460  19.543959,-7.6634636,16.170572
2013-07-23T00-08-50.461  18.356028,-7.20362,15.519128
2013-07-23T00-08-50.477  15.520326,-6.3605733,14.867682
2013-07-23T00-08-50.478  13.297748,-5.862409,13.947995
2013-07-23T00-08-50.494  11.611653,-4.6744795,13.143269
2013-07-23T00-08-50.495  10.117161,-3.9080732,12.376863
2013-07-23T00-08-50.511  9.235794,-2.9883857,12.185261
2013-07-23T00-08-50.512  8.124505,-2.911745,12.491823
2013-07-23T00-08-50.514  6.5916924,-3.1033466,13.33487
2013-07-23T00-08-50.531  4.445755,-3.52487,14.714401
2013-07-23T00-08-50.532  0.9969269,-3.3715887,16.132254
2013-07-23T00-08-50.544  -2.1453388,-2.4902215,17.473463
2013-07-23T00-08-50.545  -4.6744795,-1.3406122,18.852995
2013-07-23T00-08-50.561  -5.2876043,-0.8807684,19.581081
2013-07-23T00-08-50.562  -4.636159,-0.8041278,19.581081
2013-07-23T00-08-50.583  -3.141667,-0.9190887,19.581081
2013-07-23T00-08-50.584  -1.2639716,-1.8004559,19.581081
2013-07-23T00-08-50.587  0.15388,-3.409909,19.581081
2013-07-23T00-08-50.594  0.57540345,-5.8240886,19.581081
2013-07-23T00-08-50.610  -0.7274872,-8.506511,19.581081
2013-07-23T00-08-50.611  -3.9847138,-11.227253,19.581081
2013-07-23T00-08-50.628  -8.966354,-13.871354,19.581081
2013-07-23T00-08-50.630  -14.177917,-14.331198,19.581081
2013-07-23T00-08-50.646  -17.320183,-15.595768,19.581081
2013-07-23T00-08-50.648  -17.741707,-17.1669,19.581081
2013-07-23T00-08-50.661  -16.132254,-18.776354,19.581081
2013-07-23T00-08-50.663  -14.292878,-19.46612,19.581081
2013-07-23T00-08-50.667  -13.449831,-19.274519,19.581081
2013-07-23T00-08-50.679  -13.718073,-17.856667,18.623074
2013-07-23T00-08-50.682  -14.484479,-16.93698,15.9789715
2013-07-23T00-08-50.695  -15.212565,-16.822018,12.989987
2013-07-23T00-08-50.698  -15.82569,-16.898659,9.464519
2013-07-23T00-08-50.719  -16.362175,-17.894987,5.862409
2013-07-23T00-08-50.720  -16.783699,-18.20155,3.026706
2013-07-23T00-08-50.722  -16.898659,-18.20155,0.61252624
2013-07-23T00-08-50.730  -16.285534,-17.818346,-1.8016534
2013-07-23T00-08-50.750  -14.676081,-17.894987,-4.1391926
2013-07-23T00-08-50.752  -12.223581,-19.006277,-5.748646
2013-07-23T00-08-50.768  -9.311237,-19.46612,-7.013216
2013-07-23T00-08-50.771  -6.2839327,-19.46612,-8.009544
2013-07-23T00-08-50.788  -2.7201433,-19.581081,-8.277786
2013-07-23T00-08-50.790  -0.11436218,-19.581081,-8.66099
2013-07-23T00-08-50.791  1.8782941,-18.929636,-8.162826
2013-07-23T00-08-50.795  3.449427,-18.776354,-8.469388
2013-07-23T00-08-50.820  4.8672786,-18.20155,-9.044192
2013-07-23T00-08-50.822  6.2468095,-18.469791,-9.772279
2013-07-23T00-08-50.823  7.4347396,-18.776354,-11.649974
2013-07-23T00-08-50.827  8.814271,-18.738033,-12.722942
2013-07-23T00-08-50.835  10.500364,-18.623074,-13.067825
2013-07-23T00-08-50.850  13.451029,-18.623074,-13.029505
2013-07-23T00-08-50.851  17.43634,-18.738033,-11.075169
2013-07-23T00-08-50.873  19.543959,-18.469791,-8.431067
2013-07-23T00-08-50.875  19.543959,-17.243542,-5.212161
2013-07-23T00-08-50.877  19.543959,-16.515455,-1.9549347
2013-07-23T00-08-50.883  19.543959,-15.212565,1.0340496
2013-07-23T00-08-50.908  19.543959,-14.5227995,3.5631902
2013-07-23T00-08-50.910  19.543959,-13.986316,5.5941668
2013-07-23T00-08-50.911  19.543959,-13.871354,7.356901
2013-07-23T00-08-50.915  19.543959,-13.449831,8.928034
2013-07-23T00-08-50.933  19.543959,-12.683425,10.422526
2013-07-23T00-08-50.935  19.543959,-11.993659,12.530144
2013-07-23T00-08-50.953  19.543959,-11.380534,14.714401
2013-07-23T00-08-50.955  19.543959,-11.342214,16.093933
2013-07-23T00-08-50.968  19.543959,-12.300221,16.553776
2013-07-23T00-08-50.969  19.543959,-12.951667,16.668737
2013-07-23T00-08-50.971  19.543959,-14.829362,17.05194
2013-07-23T00-08-50.984  19.543959,-16.017292,17.818346
2013-07-23T00-08-50.987  19.543959,-16.438816,18.469791
2013-07-23T00-08-51.000  19.543959,-16.323854,19.006277
2013-07-23T00-08-51.003  19.505638,-16.132254,18.891315
2013-07-23T00-08-51.017  18.126106,-15.595768,18.967957
2013-07-23T00-08-51.019  15.903528,-15.174245,18.43147
2013-07-23T00-08-51.037  13.872552,-14.944324,18.27819
2013-07-23T00-08-51.038  12.033176,-14.5227995,17.933308
2013-07-23T00-08-51.055  9.848919,-14.982643,17.320183
2013-07-23T00-08-51.057  6.783294,-16.055613,16.783699
2013-07-23T00-08-51.073  2.9129424,-16.630417,16.323854
2013-07-23T00-08-51.074  -1.2256513,-17.511784,15.9789715
2013-07-23T00-08-51.086  -5.019362,-16.208893,15.82569
2013-07-23T00-08-51.087  -8.084988,-14.56112,16.630417
2013-07-23T00-08-51.109  -9.119636,-13.143269,17.550104
2013-07-23T00-08-51.110  -8.46819,-12.645104,16.9753
2013-07-23T00-08-51.126  -7.8933854,-12.185261,15.71073
2013-07-23T00-08-51.127  -7.6634636,-12.10862,13.909675
2013-07-23T00-08-51.128  -7.6634636,-11.572136,12.836706
2013-07-23T00-08-51.132  -9.502839,-10.844049,11.533815
2013-07-23T00-08-51.140  -10.959011,-10.230925,11.380534
2013-07-23T00-08-51.153  -13.756393,-10.001003,10.4991665
2013-07-23T00-08-51.156  -16.362175,-9.426198,10.1542845
2013-07-23T00-08-51.172  -18.852995,-9.157956,9.042995
2013-07-23T00-08-51.173  -19.581081,-8.6981125,7.6251435
2013-07-23T00-08-51.189  -19.581081,-8.199948,5.7857685
2013-07-23T00-08-51.190  -19.581081,-7.8933854,3.9080732
2013-07-23T00-08-51.205  -19.581081,-7.7784247,1.8004559
2013-07-23T00-08-51.206  -19.54276,-7.586823,-0.15388
2013-07-23T00-08-51.224  -18.469791,-7.20362,-1.8016534
2013-07-23T00-08-51.225  -16.093933,-7.433542,-3.0279036
2013-07-23T00-08-51.239  -13.718073,-7.356901,-3.602708
2013-07-23T00-08-51.240  -11.802057,-7.356901,-3.83263
2013-07-23T00-08-51.257  -10.1542845,-7.2802606,-3.9859114
2013-07-23T00-08-51.258  -8.813073,-7.2419405,-3.7943096
2013-07-23T00-08-51.272  -7.8933854,-7.2419405,-3.4877472
2013-07-23T00-08-51.274  -7.4718623,-7.2419405,-3.1428645
2013-07-23T00-08-51.288  -6.973698,-7.701784,-2.7979815
2013-07-23T00-08-51.289  -5.2109637,-8.42987,-2.223177
2013-07-23T00-08-51.292  -3.026706,-8.659792,-2.6447003
2013-07-23T00-08-51.310  -1.3022919,-9.349558,-3.602708
2013-07-23T00-08-51.311  0.34548157,-10.422526,-4.3691144
2013-07-23T00-08-51.327  1.993255,-11.495495,-4.943919
2013-07-23T00-08-51.329  3.4111066,-12.951667,-4.9822392
2013-07-23T00-08-51.346  6.28513,-14.331198,-3.219505
2013-07-23T00-08-51.347  9.350755,-14.906003,-1.4567707
2013-07-23T00-08-51.349  13.106146,-14.867682,-0.07723938
2013-07-23T00-08-51.357  18.011147,-16.170572,1.3022919
2013-07-23T00-08-51.378  19.543959,-17.511784,2.8351045
2013-07-23T00-08-51.379  19.543959,-18.009949,4.5595183
2013-07-23T00-08-51.395  19.543959,-19.006277,6.092331
2013-07-23T00-08-51.396  19.543959,-19.581081,7.701784
2013-07-23T00-08-51.410  19.543959,-19.581081,9.541159
2013-07-23T00-08-51.412  19.543959,-19.581081,11.6104555
2013-07-23T00-08-51.426  19.543959,-19.581081,13.526471
2013-07-23T00-08-51.428  19.543959,-19.581081,14.714401
2013-07-23T00-08-51.430  19.543959,-19.389479,14.676081
2013-07-23T00-08-51.446  19.543959,-17.550104,13.794714
2013-07-23T00-08-51.447  19.543959,-15.135924,12.0703
2013-07-23T00-08-51.464  19.543959,-13.947995,11.457174
2013-07-23T00-08-51.465  19.543959,-15.82569,11.2655735
2013-07-23T00-08-51.475  19.543959,-18.469791,10.844049
2013-07-23T00-08-51.477  19.543959,-19.581081,11.380534
2013-07-23T00-08-51.492  19.543959,-19.581081,13.8330345
2013-07-23T00-08-51.493  19.543959,-19.581081,16.630417
2013-07-23T00-08-51.508  19.505638,-19.581081,19.31284
2013-07-23T00-08-51.510  16.478333,-19.581081,19.581081
2013-07-23T00-08-51.528  14.447356,-19.581081,19.581081
2013-07-23T00-08-51.529  13.297748,-19.581081,19.082916
2013-07-23T00-08-51.544  12.33974,-19.581081,16.132254
2013-07-23T00-08-51.545  10.347083,-19.581081,13.756393
2013-07-23T00-08-51.559  6.9748955,-19.581081,11.763737
2013-07-23T00-08-51.560  1.1502081,-19.581081,11.188932
2013-07-23T00-08-51.576  -6.590495,-19.581081,11.227253
2013-07-23T00-08-51.577  -13.29655,-19.54276,11.648776
2013-07-23T00-08-51.594  -16.898659,-17.550104,11.687097
2013-07-23T00-08-51.596  -16.860338,-16.323854,11.188932
2013-07-23T00-08-51.598  -15.672409,-15.442487,9.8094015
2013-07-23T00-08-51.611  -14.369518,-14.024635,7.4718623
2013-07-23T00-08-51.614  -12.836706,-11.802057,5.709128
2013-07-23T00-08-51.628  -12.185261,-10.039323,4.9044013
2013-07-23T00-08-51.630  -14.906003,-9.387877,2.9883857
2013-07-23T00-08-51.647  -17.243542,-7.1653,3.0650263
2013-07-23T00-08-51.648  -19.4278,-6.5138545,2.6051824
2013-07-23T00-08-51.664  -19.581081,-5.6708074,2.183659
2013-07-23T00-08-51.665  -19.581081,-5.2492843,2.2219794
2013-07-23T00-08-51.679  -19.581081,-5.479206,1.7238153
2013-07-23T00-08-51.682  -19.581081,-6.0156903,0.65084654
2013-07-23T00-08-51.697  -19.581081,-7.1653,-1.5334113
2013-07-23T00-08-51.698  -19.581081,-8.3532295,-3.83263
2013-07-23T00-08-51.713  -19.121237,-9.8094015,-5.8252864
2013-07-23T00-08-51.714  -16.592096,-11.2655735,-6.170169
2013-07-23T00-08-51.732  -14.714401,-12.415182,-4.828958
2013-07-23T00-08-51.733  -12.721745,-12.721745,-2.5680597
2013-07-23T00-08-51.746  -10.230925,-13.756393,-0.34548157
2013-07-23T00-08-51.747  -7.318581,-14.254558,1.2256513
2013-07-23T00-08-51.751  -4.981042,-14.867682,1.3406122
2013-07-23T00-08-51.769  -1.9920574,-15.135924,-0.53708315
2013-07-23T00-08-51.771  2.491419,-14.752722,-3.8709502
2013-07-23T00-08-51.774  7.243138,-13.564792,-6.8216143
2013-07-23T00-08-51.783  12.569661,-12.0703,-8.162826
2013-07-23T00-08-51.803  17.28306,-12.415182,-8.277786
2013-07-23T00-08-51.804  19.428997,-13.143269,-6.8216143
2013-07-23T00-08-51.807  19.543959,-12.798386,-4.4074345
2013-07-23T00-08-51.815  19.58228,-14.829362,-0.84364563
2013-07-23T00-08-51.829  19.543959,-17.741707,2.5285418
2013-07-23T00-08-51.831  19.543959,-19.50444,5.364245
2013-07-23T00-08-51.848  19.543959,-19.581081,8.621471
2013-07-23T00-08-51.849  19.543959,-19.581081,12.261901
2013-07-23T00-08-51.866  19.543959,-19.581081,14.714401
2013-07-23T00-08-51.867  19.543959,-19.581081,15.327526
2013-07-23T00-08-51.886  19.543959,-19.581081,14.867682
2013-07-23T00-08-51.888  19.543959,-19.581081,14.062956
2013-07-23T00-08-51.911  19.543959,-19.581081,13.37319
2013-07-23T00-08-51.913  19.543959,-19.581081,12.913346
2013-07-23T00-08-51.914  19.543959,-19.581081,11.418855
2013-07-23T00-08-51.933  19.543959,-19.581081,8.851394
2013-07-23T00-08-51.934  19.543959,-19.581081,8.774753
2013-07-23T00-08-51.952  19.543959,-19.581081,11.150612
2013-07-23T00-08-51.953  16.21009,-19.581081,13.41151
2013-07-23T00-08-51.969  11.036849,-19.581081,14.599441
2013-07-23T00-08-51.970  7.588021,-19.581081,14.139597
2013-07-23T00-08-51.971  4.0242314,-19.581081,13.028308
2013-07-23T00-08-51.972  -0.7658075,-19.581081,13.0666275
2013-07-23T00-08-51.985  -9.272917,-19.581081,16.553776
2013-07-23T00-08-51.986  -19.044596,-19.581081,19.4278
2013-07-23T00-08-52.000  -19.581081,-19.581081,19.581081
2013-07-23T00-08-52.001  -19.581081,-18.738033,19.581081
2013-07-23T00-08-52.017  -19.581081,-14.676081,19.581081
2013-07-23T00-08-52.019  -19.581081,-11.6104555,19.581081
2013-07-23T00-08-52.035  -19.581081,-8.46819,19.121237
2013-07-23T00-08-52.036  -16.247213,-5.4025655,15.404167
2013-07-23T00-08-52.054  -12.338542,-3.1033466,13.449831
2013-07-23T00-08-52.056  -10.614128,-2.3752606,10.997331
2013-07-23T00-08-52.058  -11.2655735,-1.8004559,13.794714
2013-07-23T00-08-52.073  -11.112292,-1.4938934,13.219909
2013-07-23T00-08-52.075  -10.88237,-0.8807684,12.530144
2013-07-23T00-08-52.087  -9.886042,-0.9957294,10.269245
2013-07-23T00-08-52.088  -7.548503,-2.0303779,7.012018
