2013-07-18T10-46-48.862  3.5643878,4.943919,6.628815
2013-07-18T10-46-48.865  2.491419,3.6793487,4.636159
2013-07-18T10-46-48.866  2.491419,3.4877472,4.367917
2013-07-18T10-46-48.875  2.3381379,3.2961457,3.9847138
2013-07-18T10-46-48.887  2.4530988,3.1811848,3.4865496
2013-07-18T10-46-48.891  2.2614973,3.1045442,3.2183075
2013-07-18T10-46-48.906  2.223177,2.7596612,2.3752606
2013-07-18T10-46-48.910  2.223177,2.6830206,3.5631902
2013-07-18T10-46-48.924  2.108216,2.874622,1.8004559
2013-07-18T10-46-48.928  2.2614973,2.6447003,1.4555731
2013-07-18T10-46-48.944  2.3381379,2.7979815,2.8734248
2013-07-18T10-46-48.947  2.3381379,2.874622,0.9957294
2013-07-18T10-46-48.962  2.3381379,2.9129424,2.413581
2013-07-18T10-46-48.964  2.5297394,2.874622,2.8734248
2013-07-18T10-46-48.965  2.2998176,2.874622,2.0303779
2013-07-18T10-46-48.970  1.993255,3.2578254,3.7931123
2013-07-18T10-46-48.989  1.8399738,3.449427,3.869753
2013-07-18T10-46-48.991  1.7250128,3.7559893,3.9463935
2013-07-18T10-46-49.013  1.6483722,3.8709502,5.517526
2013-07-18T10-46-49.014  1.5717316,4.4074345,5.709128
2013-07-18T10-46-49.016  1.5717316,4.6373568,6.5521746
2013-07-18T10-46-49.020  1.7633331,5.1355205,7.8550653
2013-07-18T10-46-49.027  1.8016534,5.4420834,8.084988
2013-07-18T10-46-49.039  1.5334113,5.5953646,8.966354
2013-07-18T10-46-49.043  1.3418097,5.9785676,9.847721
2013-07-18T10-46-49.059  1.0352472,5.940247,10.192604
2013-07-18T10-46-49.063  0.72868466,6.2084894,10.997331
2013-07-18T10-46-49.076  0.53708315,6.668333,11.763737
2013-07-18T10-46-49.079  -0.30596375,6.898255,12.0703
2013-07-18T10-46-49.093  -1.0340496,7.281458,12.913346
2013-07-18T10-46-49.094  -1.6471747,7.5497003,13.41151
2013-07-18T10-46-49.112  -1.9537371,7.894583,14.062956
2013-07-18T10-46-49.113  -2.29862,7.741302,14.906003
2013-07-18T10-46-49.130  -2.681823,7.6646614,15.059284
2013-07-18T10-46-49.132  -2.9500654,7.6646614,15.442487
2013-07-18T10-46-49.145  -3.1799872,7.4730597,15.672409
2013-07-18T10-46-49.147  -3.4865496,7.358099,15.557448
2013-07-18T10-46-49.163  -3.7931123,7.3197784,15.595768
2013-07-18T10-46-49.165  -4.1763153,7.051536,15.135924
2013-07-18T10-46-49.178  -4.4828777,7.0898566,14.56112
2013-07-18T10-46-49.180  -4.8660808,6.898255,14.177917
2013-07-18T10-46-49.181  -5.0960026,6.783294,13.564792
2013-07-18T10-46-49.192  -5.1726437,6.515052,12.913346
2013-07-18T10-46-49.198  -5.364245,6.0935283,12.645104
2013-07-18T10-46-49.209  -5.4408855,6.0168877,12.261901
2013-07-18T10-46-49.211  -5.6708074,5.5953646,11.6104555
2013-07-18T10-46-49.226  -5.747448,5.403763,11.112292
2013-07-18T10-46-49.227  -6.1689715,5.1355205,10.690768
2013-07-18T10-46-49.244  -6.3222528,5.1355205,10.1542845
2013-07-18T10-46-49.245  -6.3605733,4.8672786,9.426198
2013-07-18T10-46-49.262  -6.5138545,4.560716,8.6981125
2013-07-18T10-46-49.265  -6.3988934,4.5223956,8.199948
2013-07-18T10-46-49.285  -6.1306515,4.215833,7.6634636
2013-07-18T10-46-49.287  -6.092331,4.062552,7.0503387
2013-07-18T10-46-49.309  -5.862409,3.9859114,6.628815
2013-07-18T10-46-49.310  -5.5941668,3.6410284,6.245612
2013-07-18T10-46-49.312  -5.6324873,3.334466,5.4025655
2013-07-18T10-46-49.313  -5.5941668,3.1811848,5.0960026
2013-07-18T10-46-49.330  -5.4408855,3.1811848,4.4828777
2013-07-18T10-46-49.332  -5.4408855,2.7596612,3.869753
2013-07-18T10-46-49.334  -5.5941668,2.6830206,3.4865496
2013-07-18T10-46-49.351  -5.479206,2.8363018,2.9883857
2013-07-18T10-46-49.352  -5.4408855,2.60638,2.566862
2013-07-18T10-46-49.356  -5.325925,2.721341,2.1070185
2013-07-18T10-46-49.364  -5.2492843,2.3764582,1.7621356
2013-07-18T10-46-49.382  -5.0576825,2.4530988,1.3022919
2013-07-18T10-46-49.385  -4.8660808,2.2614973,0.7658075
2013-07-18T10-46-49.397  -4.636159,2.1848567,0.53588563
2013-07-18T10-46-49.399  -4.4828777,1.9549347,0.38260436
2013-07-18T10-46-49.414  -4.4445577,2.223177,0.03772156
2013-07-18T10-46-49.415  -4.061354,2.2998176,-5.987549E-4
2013-07-18T10-46-49.432  -3.6398308,2.0698957,0.03772156
2013-07-18T10-46-49.433  -3.2183075,1.8016534,-0.15388
2013-07-18T10-46-49.448  -2.8734248,1.9549347,-0.07723938
2013-07-18T10-46-49.449  -2.5285418,1.993255,-0.07723938
2013-07-18T10-46-49.464  -1.9537371,1.9549347,0.11436218
2013-07-18T10-46-49.465  -1.4172528,1.8016534,-0.19220032
2013-07-18T10-46-49.480  -1.187331,1.8399738,-5.987549E-4
2013-07-18T10-46-49.481  -1.07237,1.7633331,0.11436218
2013-07-18T10-46-49.484  -1.187331,1.8782941,0.30596375
2013-07-18T10-46-49.497  -1.4555731,2.108216,0.4975653
2013-07-18T10-46-49.500  -1.2639716,2.4530988,0.9190887
2013-07-18T10-46-49.514  -1.2639716,2.6830206,1.2639716
2013-07-18T10-46-49.516  -1.187331,2.7979815,1.4555731
2013-07-18T10-46-49.531  -0.8041278,3.0279036,1.9154168
2013-07-18T10-46-49.533  -0.53588563,3.2578254,2.3369403
2013-07-18T10-46-49.549  5.987549E-4,2.989583,2.413581
2013-07-18T10-46-49.550  0.11555969,3.0662239,3.1033466
2013-07-18T10-46-49.565  0.42212218,3.1428645,3.3332684
2013-07-18T10-46-49.567  0.69036436,3.334466,3.6398308
2013-07-18T10-46-49.582  0.72868466,3.6793487,3.8314326
2013-07-18T10-46-49.583  0.8053253,4.100872,4.406237
2013-07-18T10-46-49.599  0.95860654,4.330794,4.8277607
2013-07-18T10-46-49.600  1.38013,4.4840755,5.0576825
2013-07-18T10-46-49.616  1.6100519,4.675677,5.364245
2013-07-18T10-46-49.617  1.993255,4.6373568,5.6708074
2013-07-18T10-46-49.633  2.4147785,4.5223956,6.092331
2013-07-18T10-46-49.635  2.6830206,5.02056,6.475534
2013-07-18T10-46-49.638  2.9129424,5.3654423,6.973698
2013-07-18T10-46-49.650  3.2578254,5.786966,7.586823
2013-07-18T10-46-49.653  3.219505,6.0168877,7.970026
2013-07-18T10-46-49.667  3.334466,6.438411,8.583151
2013-07-18T10-46-49.669  3.7559893,6.630013,8.928034
2013-07-18T10-46-49.686  3.83263,6.9748955,9.272917
2013-07-18T10-46-49.689  3.9859114,7.281458,9.73276
2013-07-18T10-46-49.701  4.0242314,7.3197784,10.307566
2013-07-18T10-46-49.703  4.062552,8.047864,10.88237
2013-07-18T10-46-49.718  4.4074345,8.546028,11.188932
2013-07-18T10-46-49.719  4.9055986,8.622669,11.878698
2013-07-18T10-46-49.735  5.212161,8.890911,12.261901
2013-07-18T10-46-49.736  5.748646,8.77595,12.645104
2013-07-18T10-46-49.758  6.5533724,8.66099,13.143269
2013-07-18T10-46-49.759  7.013216,8.124505,13.564792
2013-07-18T10-46-49.760  7.051536,8.0861845,14.292878
2013-07-18T10-46-49.765  6.32345,8.009544,15.327526
2013-07-18T10-46-49.784  5.403763,8.162826,16.477135
2013-07-18T10-46-49.786  3.8709502,8.239466,17.703386
2013-07-18T10-46-49.790  2.721341,8.814271,18.852995
2013-07-18T10-46-49.805  1.4567707,8.73763,19.389479
2013-07-18T10-46-49.807  0.42212218,8.814271,19.581081
2013-07-18T10-46-49.819  -0.22932312,8.507709,19.581081
2013-07-18T10-46-49.822  -0.8041278,8.162826,19.581081
2013-07-18T10-46-49.836  -1.1106904,7.6646614,19.54276
2013-07-18T10-46-49.838  -1.2639716,7.2048173,19.236198
2013-07-18T10-46-49.857  -1.3022919,6.859935,18.661394
2013-07-18T10-46-49.858  -1.6088544,6.630013,18.20155
2013-07-18T10-46-49.870  -1.6088544,6.400091,17.894987
2013-07-18T10-46-49.871  -2.1070185,6.0935283,17.665066
2013-07-18T10-46-49.888  -2.681823,5.6336846,17.741707
2013-07-18T10-46-49.889  -3.141667,5.327122,17.358503
2013-07-18T10-46-49.905  -3.7931123,4.9822392,16.745378
2013-07-18T10-46-49.906  -4.3295965,4.6373568,16.055613
2013-07-18T10-46-49.920  -4.9427214,3.9475908,15.135924
2013-07-18T10-46-49.921  -5.4408855,3.449427,14.369518
2013-07-18T10-46-49.938  -6.1306515,2.9512627,13.564792
2013-07-18T10-46-49.939  -6.5138545,2.5680597,12.530144
2013-07-18T10-46-49.943  -7.0886593,2.3764582,11.878698
2013-07-18T10-46-49.958  -7.012018,2.1465364,11.2655735
2013-07-18T10-46-49.960  -7.1653,1.9549347,10.460847
2013-07-18T10-46-49.980  -7.1269794,1.6483722,9.886042
2013-07-18T10-46-49.982  -7.1653,1.6866925,9.196277
2013-07-18T10-46-49.984  -7.0503387,1.5334113,8.238269
2013-07-18T10-46-49.990  -7.1653,1.265169,7.356901
2013-07-18T10-46-50.007  -6.820417,0.88196594,6.5138545
2013-07-18T10-46-50.008  -6.820417,0.84364563,5.709128
2013-07-18T10-46-50.026  -6.7437763,0.65204406,5.019362
2013-07-18T10-46-50.029  -6.705456,0.84364563,4.2912765
2013-07-18T10-46-50.046  -6.705456,0.65204406,3.6015105
2013-07-18T10-46-50.048  -6.3988934,0.61372375,3.141667
2013-07-18T10-46-50.063  -6.3605733,0.53708315,2.6435027
2013-07-18T10-46-50.064  -6.3222528,0.38380188,2.1453388
2013-07-18T10-46-50.079  -6.1689715,0.34548157,1.8770965
2013-07-18T10-46-50.084  -5.9390497,0.49876282,1.3789325
2013-07-18T10-46-50.105  -5.479206,0.38380188,1.1106904
2013-07-18T10-46-50.107  -5.2876043,0.8053253,0.8041278
2013-07-18T10-46-50.109  -4.597839,0.61372375,0.68916684
2013-07-18T10-46-50.110  -4.0996747,0.53708315,0.34428406
2013-07-18T10-46-50.113  -3.6015105,0.53708315,0.30596375
2013-07-18T10-46-50.126  -2.9500654,0.4604425,0.07604187
2013-07-18T10-46-50.128  -2.29862,0.65204406,0.30596375
2013-07-18T10-46-50.143  -1.8004559,0.57540345,0.4209247
2013-07-18T10-46-50.145  -1.1106904,0.69036436,0.68916684
2013-07-18T10-46-50.159  -0.65084654,0.88196594,0.65084654
2013-07-18T10-46-50.160  -0.38260436,1.1885284,0.8041278
2013-07-18T10-46-50.177  5.987549E-4,1.4567707,1.1490107
2013-07-18T10-46-50.178  0.11555969,1.9549347,1.187331
2013-07-18T10-46-50.192  0.65204406,1.8782941,1.4938934
2013-07-18T10-46-50.193  0.95860654,2.0315752,2.0686982
2013-07-18T10-46-50.209  1.3034893,2.4147785,2.4519012
2013-07-18T10-46-50.210  1.8399738,2.721341,2.8351045
2013-07-18T10-46-50.225  2.2614973,2.9512627,3.141667
2013-07-18T10-46-50.226  2.989583,3.0662239,3.52487
2013-07-18T10-46-50.244  3.1045442,3.5643878,3.9463935
2013-07-18T10-46-50.247  3.2578254,3.9859114,4.6744795
2013-07-18T10-46-50.249  3.2578254,4.7523174,5.2876043
2013-07-18T10-46-50.263  3.449427,5.2888017,5.5941668
2013-07-18T10-46-50.265  3.83263,5.6336846,6.092331
2013-07-18T10-46-50.280  4.2541533,6.438411,6.628815
2013-07-18T10-46-50.282  4.828958,6.9365754,7.2802606
2013-07-18T10-46-50.296  5.3654423,7.588021,7.816745
2013-07-18T10-46-50.297  5.4804034,7.971224,8.238269
2013-07-18T10-46-50.313  5.7103252,8.392747,8.851394
2013-07-18T10-46-50.315  6.0168877,8.699309,9.579479
2013-07-18T10-46-50.330  5.518724,9.235794,10.230925
2013-07-18T10-46-50.331  5.557044,9.618998,10.729089
2013-07-18T10-46-50.344  5.0972004,10.0022,11.495495
2013-07-18T10-46-50.345  5.05888,10.308763,11.9553385
2013-07-18T10-46-50.364  4.6373568,10.615325,12.376863
2013-07-18T10-46-50.365  4.560716,10.806927,12.798386
2013-07-18T10-46-50.380  4.2541533,10.883568,12.875027
2013-07-18T10-46-50.381  3.7559893,10.385404,13.488152
2013-07-18T10-46-50.397  3.5643878,10.232122,13.947995
2013-07-18T10-46-50.398  2.6447003,9.810598,14.944324
2013-07-18T10-46-50.401  1.6866925,9.465716,15.940651
2013-07-18T10-46-50.413  0.42212218,9.274115,16.860338
2013-07-18T10-46-50.416  -0.61252624,8.73763,17.894987
2013-07-18T10-46-50.430  -1.8770965,8.622669,18.776354
2013-07-18T10-46-50.433  -3.0650263,8.316107,19.31284
2013-07-18T10-46-50.449  -4.0996747,7.894583,19.197878
2013-07-18T10-46-50.451  -4.6744795,7.588021,18.776354
2013-07-18T10-46-50.467  -4.75112,6.898255,17.971628
2013-07-18T10-46-50.471  -4.75112,6.7066536,16.898659
2013-07-18T10-46-50.486  -4.9044013,6.400091,15.74905
2013-07-18T10-46-50.487  -4.636159,6.2468095,14.829362
2013-07-18T10-46-50.488  -4.7127995,5.8252864,13.986316
2013-07-18T10-46-50.496  -4.78944,5.518724,13.0666275
2013-07-18T10-46-50.512  -4.597839,5.0972004,12.453503
2013-07-18T10-46-50.513  -4.597839,4.9822392,11.725417
2013-07-18T10-46-50.531  -4.8277607,4.675677,11.227253
2013-07-18T10-46-50.532  -4.8277607,4.3691144,10.614128
2013-07-18T10-46-50.548  -5.0576825,3.9475908,9.6178
2013-07-18T10-46-50.549  -4.9044013,3.6793487,8.928034
2013-07-18T10-46-50.565  -4.78944,3.2578254,8.199948
2013-07-18T10-46-50.566  -4.9427214,3.1811848,7.433542
2013-07-18T10-46-50.569  -4.9427214,2.8363018,6.6671357
2013-07-18T10-46-50.582  -4.8277607,2.6447003,5.900729
2013-07-18T10-46-50.585  -4.981042,2.6447003,4.981042
2013-07-18T10-46-50.598  -4.78944,2.2998176,4.1763153
2013-07-18T10-46-50.601  -4.6744795,2.108216,3.2183075
2013-07-18T10-46-50.615  -4.5595183,2.223177,2.9500654
2013-07-18T10-46-50.617  -4.1763153,1.9549347,2.2602997
2013-07-18T10-46-50.633  -4.023034,2.0315752,1.7238153
2013-07-18T10-46-50.634  -4.137995,2.1465364,1.187331
2013-07-18T10-46-50.650  -3.8314326,1.8016534,0.65084654
2013-07-18T10-46-50.651  -3.6398308,1.5717316,0.34428406
2013-07-18T10-46-50.667  -3.409909,1.6866925,0.22932312
2013-07-18T10-46-50.668  -3.1033466,1.4567707,-5.987549E-4
2013-07-18T10-46-50.683  -3.0650263,1.495091,-0.15388
2013-07-18T10-46-50.685  -2.9500654,1.3418097,-0.23052064
2013-07-18T10-46-50.700  -2.7201433,1.3418097,-0.23052064
2013-07-18T10-46-50.702  -2.6051824,1.3034893,-0.07723938
2013-07-18T10-46-50.706  -2.183659,1.38013,0.03772156
2013-07-18T10-46-50.719  -1.8004559,1.3418097,0.26764342
2013-07-18T10-46-50.722  -1.3789325,1.265169,0.38260436
2013-07-18T10-46-50.738  -1.2639716,1.5334113,0.9574091
2013-07-18T10-46-50.741  -0.7658075,1.6483722,1.0340496
2013-07-18T10-46-50.755  -0.4209247,1.8782941,1.3022919
2013-07-18T10-46-50.759  -0.30596375,2.0315752,1.5705341
2013-07-18T10-46-50.771  -0.1526825,2.3381379,2.1070185
2013-07-18T10-46-50.772  5.987549E-4,2.8363018,2.3369403
2013-07-18T10-46-50.784  0.19220032,3.1428645,2.6051824
2013-07-18T10-46-50.786  0.49876282,3.717669,3.026706
2013-07-18T10-46-50.802  0.767005,3.6410284,3.2566278
2013-07-18T10-46-50.803  0.9969269,3.9859114,3.6398308
2013-07-18T10-46-50.818  1.1502081,4.5223956,4.137995
2013-07-18T10-46-50.819  1.4184504,4.828958,4.636159
2013-07-18T10-46-50.835  1.265169,5.3654423,5.4025655
2013-07-18T10-46-50.836  1.5717316,5.8252864,5.8240886
2013-07-18T10-46-50.854  1.5334113,6.28513,6.3222528
2013-07-18T10-46-50.856  1.7633331,6.9748955,7.433542
2013-07-18T10-46-50.880  2.2614973,7.626341,8.123307
2013-07-18T10-46-50.887  2.9512627,7.9329033,8.736432
2013-07-18T10-46-50.889  3.6793487,8.469388,9.272917
2013-07-18T10-46-50.890  4.292474,8.967552,10.115964
2013-07-18T10-46-50.893  4.828958,8.967552,10.844049
2013-07-18T10-46-50.907  4.790638,9.427396,11.763737
2013-07-18T10-46-50.908  4.675677,9.580677,12.798386
2013-07-18T10-46-50.920  4.599036,9.618998,13.37319
2013-07-18T10-46-50.922  4.2541533,9.504036,14.369518
2013-07-18T10-46-50.939  3.4877472,9.120833,15.327526
2013-07-18T10-46-50.940  2.3381379,9.197474,16.208893
2013-07-18T10-46-50.959  1.1502081,9.274115,16.93698
2013-07-18T10-46-50.962  0.30716124,9.274115,17.550104
2013-07-18T10-46-50.976  -0.30596375,9.082513,17.971628
2013-07-18T10-46-50.978  -0.9190887,8.699309,18.20155
2013-07-18T10-46-50.990  -1.187331,8.277786,18.43147
2013-07-18T10-46-50.992  -1.3406122,8.124505,18.086588
2013-07-18T10-46-51.007  -1.7238153,7.741302,17.320183
2013-07-18T10-46-51.009  -1.9537371,7.2048173,16.898659
2013-07-18T10-46-51.012  -2.2219794,7.1281767,16.553776
2013-07-18T10-46-51.030  -2.6051824,7.2048173,15.78737
2013-07-18T10-46-51.032  -2.7584639,6.9365754,15.404167
2013-07-18T10-46-51.035  -2.8351045,6.783294,14.63776
2013-07-18T10-46-51.043  -2.9500654,6.400091,14.024635
2013-07-18T10-46-51.057  -3.1799872,6.170169,13.41151
2013-07-18T10-46-51.060  -3.1033466,5.940247,12.951667
2013-07-18T10-46-51.075  -3.2183075,5.4804034,12.10862
2013-07-18T10-46-51.076  -3.294948,5.327122,11.418855
2013-07-18T10-46-51.092  -3.3715887,5.2888017,10.614128
2013-07-18T10-46-51.093  -3.4865496,5.02056,10.1542845
2013-07-18T10-46-51.109  -3.409909,4.7523174,9.272917
2013-07-18T10-46-51.110  -3.6015105,4.292474,8.621471
2013-07-18T10-46-51.125  -3.8314326,4.292474,8.008347
2013-07-18T10-46-51.126  -3.7164717,4.100872,7.318581
2013-07-18T10-46-51.141  -3.6398308,3.602708,6.6671357
2013-07-18T10-46-51.143  -4.0996747,3.4877472,6.2839327
2013-07-18T10-46-51.158  -4.061354,3.0279036,5.97737
2013-07-18T10-46-51.159  -4.3295965,3.334466,5.4025655
2013-07-18T10-46-51.164  -4.5595183,2.989583,4.981042
2013-07-18T10-46-51.176  -4.6744795,2.9512627,4.7127995
2013-07-18T10-46-51.179  -4.636159,2.874622,4.5211983
2013-07-18T10-46-51.193  -4.252956,2.7979815,4.137995
2013-07-18T10-46-51.195  -4.214636,2.8363018,4.023034
2013-07-18T10-46-51.209  -3.9080732,2.6830206,3.9847138
2013-07-18T10-46-51.212  -3.869753,2.5680597,3.3715887
2013-07-18T10-46-51.226  -3.8314326,2.6447003,3.2566278
2013-07-18T10-46-51.228  -3.754792,2.6447003,3.026706
2013-07-18T10-46-51.244  -3.294948,2.4147785,2.681823
2013-07-18T10-46-51.245  -3.1799872,2.6447003,2.5285418
2013-07-18T10-46-51.260  -2.8351045,2.4530988,2.29862
2013-07-18T10-46-51.261  -2.7201433,2.3381379,2.183659
2013-07-18T10-46-51.277  -2.413581,2.5680597,2.0686982
2013-07-18T10-46-51.278  -2.183659,2.3381379,2.0303779
2013-07-18T10-46-51.296  -2.0686982,2.6830206,1.8770965
2013-07-18T10-46-51.298  -1.7621356,2.60638,1.8387762
2013-07-18T10-46-51.313  -1.9920574,2.6830206,1.9537371
2013-07-18T10-46-51.314  -1.8004559,2.9129424,1.8770965
2013-07-18T10-46-51.330  -1.7621356,2.8363018,2.1453388
2013-07-18T10-46-51.331  -1.3406122,3.0662239,2.0686982
2013-07-18T10-46-51.332  -1.2256513,3.2961457,2.3369403
2013-07-18T10-46-51.345  -1.1106904,3.334466,2.413581
2013-07-18T10-46-51.348  -0.61252624,3.6410284,2.7201433
2013-07-18T10-46-51.361  -0.4975653,3.5260675,2.9883857
2013-07-18T10-46-51.364  -0.1526825,3.8709502,3.1799872
2013-07-18T10-46-51.382  -0.1526825,3.8709502,3.3715887
2013-07-18T10-46-51.384  -0.11436218,4.1775126,3.7164717
2013-07-18T10-46-51.399  5.987549E-4,4.330794,3.869753
2013-07-18T10-46-51.401  0.26884094,4.2541533,4.061354
2013-07-18T10-46-51.416  0.57540345,4.675677,4.4828777
2013-07-18T10-46-51.419  0.72868466,4.7523174,4.8660808
2013-07-18T10-46-51.433  1.1502081,4.7139974,5.1726437
2013-07-18T10-46-51.437  1.1885284,4.9055986,5.6324873
2013-07-18T10-46-51.455  1.2268487,5.02056,5.6324873
2013-07-18T10-46-51.456  0.88196594,5.0972004,6.2839327
2013-07-18T10-46-51.458  1.1118878,5.2888017,6.5138545
2013-07-18T10-46-51.461  0.9969269,5.3654423,6.9353776
2013-07-18T10-46-51.481  1.1118878,5.327122,7.20362
2013-07-18T10-46-51.482  1.0735675,5.4420834,7.6251435
2013-07-18T10-46-51.485  1.2268487,5.5953646,8.084988
2013-07-18T10-46-51.498  1.7250128,5.786966,8.3532295
2013-07-18T10-46-51.501  1.5334113,6.0168877,8.889713
2013-07-18T10-46-51.518  1.7250128,5.901927,9.196277
2013-07-18T10-46-51.521  1.9549347,6.131849,9.69444
2013-07-18T10-46-51.533  2.2614973,6.400091,10.1542845
2013-07-18T10-46-51.534  2.491419,6.400091,10.652448
2013-07-18T10-46-51.549  2.60638,6.630013,11.342214
2013-07-18T10-46-51.550  3.1811848,6.668333,12.10862
2013-07-18T10-46-51.565  3.2578254,6.859935,12.568463
2013-07-18T10-46-51.566  3.6793487,6.859935,13.258229
2013-07-18T10-46-51.583  3.602708,7.013216,13.947995
2013-07-18T10-46-51.584  3.4877472,6.9748955,14.446159
2013-07-18T10-46-51.599  3.1428645,6.9748955,14.714401
2013-07-18T10-46-51.601  2.60638,7.2048173,15.059284
2013-07-18T10-46-51.616  1.7633331,6.9748955,15.519128
2013-07-18T10-46-51.618  1.0735675,6.9748955,15.71073
2013-07-18T10-46-51.633  0.61372375,6.7449737,15.78737
2013-07-18T10-46-51.634  -0.1526825,6.630013,15.6340885
2013-07-18T10-46-51.638  -0.61252624,6.668333,15.557448
2013-07-18T10-46-51.650  -0.8424481,6.131849,15.365847
2013-07-18T10-46-51.654  -1.07237,5.8636065,14.829362
2013-07-18T10-46-51.675  -1.4938934,5.4804034,14.63776
2013-07-18T10-46-51.677  -1.7238153,5.4420834,13.947995
2013-07-18T10-46-51.678  -1.9920574,4.790638,13.41151
2013-07-18T10-46-51.685  -2.5285418,4.7139974,13.41151
2013-07-18T10-46-51.700  -2.7584639,4.4074345,12.721745
2013-07-18T10-46-51.702  -3.3332684,4.292474,12.376863
2013-07-18T10-46-51.721  -3.6015105,3.9859114,12.14694
2013-07-18T10-46-51.722  -4.252956,3.717669,11.648776
2013-07-18T10-46-51.736  -4.9427214,3.5643878,11.188932
2013-07-18T10-46-51.737  -5.517526,3.334466,10.767409
2013-07-18T10-46-51.752  -5.4025655,3.0662239,10.422526
2013-07-18T10-46-51.753  -5.6324873,2.721341,9.886042
2013-07-18T10-46-51.769  -5.7857685,2.4147785,8.851394
2013-07-18T10-46-51.771  -5.6708074,2.4530988,8.238269
2013-07-18T10-46-51.774  -5.8240886,2.4530988,7.356901
2013-07-18T10-46-51.787  -6.0540104,2.2998176,5.862409
2013-07-18T10-46-51.790  -6.245612,2.7979815,5.1726437
