2013-07-18T11-23-59.026  -8.199948,-5.364245,17.090261
2013-07-18T11-23-59.029  10.308763,11.381732,19.581081
2013-07-18T11-23-59.042  9.92556,10.960208,19.581081
2013-07-18T11-23-59.045  9.695638,10.232122,19.581081
2013-07-18T11-23-59.066  9.427396,9.427396,19.581081
2013-07-18T11-23-59.068  9.082513,8.201145,19.581081
2013-07-18T11-23-59.083  8.852591,6.5533724,19.54276
2013-07-18T11-23-59.084  8.009544,5.672005,17.741707
2013-07-18T11-23-59.086  7.281458,4.445755,16.592096
2013-07-18T11-23-59.093  6.2468095,3.1045442,16.055613
2013-07-18T11-23-59.116  5.02056,1.9166144,12.338542
2013-07-18T11-23-59.119  3.6793487,0.65204406,11.380534
2013-07-18T11-23-59.120  2.1465364,-0.53588563,8.889713
2013-07-18T11-23-59.126  0.84364563,-1.7621356,6.207292
2013-07-18T11-23-59.151  -0.53588563,-2.9500654,5.97737
2013-07-18T11-23-59.152  -1.9537371,-3.7931123,3.52487
2013-07-18T11-23-59.168  -3.6015105,-4.75112,2.3752606
2013-07-18T11-23-59.170  -5.2876043,-5.2109637,2.29862
2013-07-18T11-23-59.171  -6.590495,-5.97737,0.7274872
2013-07-18T11-23-59.174  -7.5101824,-6.858737,0.26764342
2013-07-18T11-23-59.182  -8.42987,-7.356901,-0.26884094
2013-07-18T11-23-59.206  -9.6178,-7.586823,-1.1885284
2013-07-18T11-23-59.208  -10.729089,-7.433542,-0.61372375
2013-07-18T11-23-59.209  -11.840378,-6.7820964,-0.34548157
2013-07-18T11-23-59.214  -12.606784,-6.1306515,-0.11555969
2013-07-18T11-23-59.233  -12.568463,-5.364245,0.7274872
2013-07-18T11-23-59.235  -12.223581,-4.7127995,0.61252624
2013-07-18T11-23-59.248  -11.150612,-4.214636,0.7658075
2013-07-18T11-23-59.250  -9.502839,-3.7164717,1.1106904
2013-07-18T11-23-59.267  -7.586823,-2.9500654,0.9190887
2013-07-18T11-23-59.269  -5.709128,-1.8004559,1.07237
2013-07-18T11-23-59.281  -4.4828777,-1.0340496,1.2639716
2013-07-18T11-23-59.282  -3.026706,0.07723938,1.6088544
2013-07-18T11-23-59.299  -0.9574091,1.1118878,2.681823
2013-07-18T11-23-59.300  1.3034893,2.7979815,3.754792
2013-07-18T11-23-59.317  3.5260675,4.292474,5.0960026
2013-07-18T11-23-59.319  6.0168877,6.2084894,7.0886593
2013-07-18T11-23-59.320  8.201145,8.852591,8.928034
2013-07-18T11-23-59.331  10.0022,10.960208,11.035651
2013-07-18T11-23-59.334  11.381732,11.994857,13.143269
2013-07-18T11-23-59.351  11.803255,12.4547,15.480807
2013-07-18T11-23-59.353  11.26677,12.531341,18.469791
2013-07-18T11-23-59.372  10.117161,12.837903,19.581081
2013-07-18T11-23-59.374  8.929232,12.569661,19.581081
2013-07-18T11-23-59.376  8.124505,12.301419,19.581081
2013-07-18T11-23-59.383  7.51138,11.688294,19.581081
2013-07-18T11-23-59.400  6.7066536,10.577005,19.581081
2013-07-18T11-23-59.401  6.400091,9.618998,19.274519
2013-07-18T11-23-59.416  5.901927,8.392747,17.435143
2013-07-18T11-23-59.418  5.1355205,7.4347396,15.174245
2013-07-18T11-23-59.433  4.4074345,6.131849,12.721745
2013-07-18T11-23-59.435  3.5643878,5.173841,10.384206
2013-07-18T11-23-59.450  2.3764582,3.7943096,7.740104
2013-07-18T11-23-59.452  1.495091,2.6830206,5.479206
2013-07-18T11-23-59.472  0.57540345,1.4567707,3.7164717
2013-07-18T11-23-59.474  -0.4975653,0.92028624,2.183659
2013-07-18T11-23-59.475  -1.4172528,0.49876282,0.8424481
2013-07-18T11-23-59.479  -2.2602997,0.15388,-0.42212218
2013-07-18T11-23-59.487  -2.5285418,-0.03772156,-0.92028624
2013-07-18T11-23-59.499  -2.8351045,-0.03772156,-1.3034893
2013-07-18T11-23-59.507  -2.8351045,0.53708315,-1.6100519
2013-07-18T11-23-59.521  -2.4519012,0.9969269,-1.4184504
2013-07-18T11-23-59.530  -1.9537371,1.993255,-1.3034893
2013-07-18T11-23-59.541  -1.1490107,2.5680597,-0.42212218
2013-07-18T11-23-59.545  -0.22932312,3.449427,1.1106904
2013-07-18T11-23-59.546  0.69036436,4.330794,2.566862
2013-07-18T11-23-59.551  1.9549347,5.518724,4.252956
2013-07-18T11-23-59.569  3.1428645,6.438411,5.6708074
2013-07-18T11-23-59.570  3.8709502,7.4730597,6.7820964
2013-07-18T11-23-59.588  3.9475908,8.009544,8.008347
2013-07-18T11-23-59.591  3.9092705,8.469388,9.311237
2013-07-18T11-23-59.605  3.4877472,8.66099,10.230925
2013-07-18T11-23-59.606  3.5643878,8.73763,11.035651
2013-07-18T11-23-59.626  3.7559893,8.967552,11.188932
2013-07-18T11-23-59.628  3.83263,8.73763,11.342214
2013-07-18T11-23-59.629  4.100872,8.469388,11.112292
2013-07-18T11-23-59.631  3.6410284,8.124505,10.959011
2013-07-18T11-23-59.639  3.1045442,7.626341,10.307566
2013-07-18T11-23-59.654  2.3381379,6.859935,10.307566
2013-07-18T11-23-59.656  1.6100519,6.515052,10.269245
2013-07-18T11-23-59.673  0.72868466,6.170169,9.962683
2013-07-18T11-23-59.675  5.987549E-4,5.557044,9.847721
2013-07-18T11-23-59.694  -0.459245,5.173841,9.426198
2013-07-18T11-23-59.696  -1.2256513,4.828958,9.004675
2013-07-18T11-23-59.697  -1.9154168,3.83263,9.157956
2013-07-18T11-23-59.704  -3.1033466,2.989583,9.119636
2013-07-18T11-23-59.722  -3.7931123,2.223177,8.851394
2013-07-18T11-23-59.724  -4.75112,1.495091,8.774753
2013-07-18T11-23-59.742  -6.0156903,0.72868466,8.46819
2013-07-18T11-23-59.744  -7.012018,0.26884094,8.544831
2013-07-18T11-23-59.759  -8.238269,-0.61252624,8.123307
2013-07-18T11-23-59.762  -9.272917,-1.187331,7.816745
2013-07-18T11-23-59.777  -10.307566,-1.8770965,7.433542
2013-07-18T11-23-59.778  -10.88237,-2.7201433,7.1653
2013-07-18T11-23-59.779  -11.457174,-3.5631902,6.705456
2013-07-18T11-23-59.796  -11.840378,-4.4445577,6.3988934
2013-07-18T11-23-59.797  -12.300221,-4.636159,6.2839327
2013-07-18T11-23-59.800  -12.376863,-5.517526,6.092331
2013-07-18T11-23-59.808  -12.683425,-6.245612,5.900729
2013-07-18T11-23-59.829  -13.143269,-6.7820964,5.6708074
2013-07-18T11-23-59.830  -13.679752,-7.3952217,5.862409
2013-07-18T11-23-59.846  -13.909675,-7.8933854,5.5941668
2013-07-18T11-23-59.847  -14.292878,-8.046667,5.517526
2013-07-18T11-23-59.848  -14.599441,-8.123307,5.479206
2013-07-18T11-23-59.856  -14.867682,-8.008347,5.5558467
2013-07-18T11-23-59.878  -14.676081,-7.7784247,5.7857685
2013-07-18T11-23-59.881  -14.867682,-7.8550653,5.747448
2013-07-18T11-23-59.898  -14.484479,-7.318581,5.709128
2013-07-18T11-23-59.900  -13.986316,-7.356901,5.134323
2013-07-18T11-23-59.901  -13.0666275,-7.433542,4.8660808
2013-07-18T11-23-59.905  -12.568463,-7.0503387,4.9044013
2013-07-18T11-23-59.929  -11.687097,-7.012018,4.6744795
2013-07-18T11-23-59.932  -10.844049,-7.0503387,4.5595183
2013-07-18T11-23-59.933  -10.1542845,-6.9353776,4.4828777
2013-07-18T11-23-59.953  -9.464519,-6.475534,4.6744795
2013-07-18T11-23-59.955  -8.774753,-6.3988934,4.981042
2013-07-18T11-23-59.956  -8.199948,-6.245612,5.6324873
2013-07-18T11-23-59.961  -7.6634636,-6.207292,5.862409
2013-07-18T11-23-59.979  -7.1269794,-5.5558467,6.2839327
2013-07-18T11-23-59.982  -6.475534,-5.5558467,6.628815
2013-07-18T11-23-59.996  -5.862409,-5.325925,6.8970575
2013-07-18T11-23-59.998  -5.325925,-5.019362,7.20362
2013-07-18T11-24-00.027  -4.75112,-4.636159,7.2802606
2013-07-18T11-24-00.028  -4.023034,-4.4828777,7.1653
2013-07-18T11-24-00.029  -3.1033466,-4.1763153,7.586823
2013-07-18T11-24-00.029  -2.183659,-4.061354,7.548503
2013-07-18T11-24-00.046  -1.3406122,-3.52487,7.701784
2013-07-18T11-24-00.047  -0.7274872,-3.4865496,8.084988
2013-07-18T11-24-00.051  0.11555969,-3.5631902,8.276588
2013-07-18T11-24-00.057  0.767005,-3.294948,8.42987
2013-07-18T11-24-00.066  1.7633331,-3.1033466,8.583151
2013-07-18T11-24-00.078  2.874622,-2.3369403,8.774753
2013-07-18T11-24-00.082  3.9859114,-1.8004559,9.464519
2013-07-18T11-24-00.096  5.5953646,-1.1106904,9.69444
2013-07-18T11-24-00.098  7.013216,-0.30596375,10.077643
2013-07-18T11-24-00.112  8.852591,0.26884094,10.039323
2013-07-18T11-24-00.113  9.848919,0.69036436,10.269245
2013-07-18T11-24-00.131  10.462044,1.495091,10.767409
2013-07-18T11-24-00.135  10.768606,1.7633331,11.380534
2013-07-18T11-24-00.150  10.845247,2.3381379,12.10862
2013-07-18T11-24-00.151  10.845247,2.9512627,12.913346
2013-07-18T11-24-00.165  11.15181,3.334466,13.564792
2013-07-18T11-24-00.167  11.649974,3.5643878,13.41151
2013-07-18T11-24-00.181  12.722942,3.6793487,13.947995
2013-07-18T11-24-00.182  13.834231,4.330794,14.062956
2013-07-18T11-24-00.197  14.86888,4.790638,13.871354
2013-07-18T11-24-00.199  15.673607,5.557044,13.603112
2013-07-18T11-24-00.212  15.980169,5.940247,13.679752
2013-07-18T11-24-00.213  16.440012,6.32345,14.331198
2013-07-18T11-24-00.238  16.248411,6.28513,14.446159
2013-07-18T11-24-00.239  15.711926,6.515052,14.867682
2013-07-18T11-24-00.241  15.213763,6.476732,15.135924
2013-07-18T11-24-00.243  14.83056,6.2468095,15.442487
2013-07-18T11-24-00.249  14.600637,5.901927,15.212565
2013-07-18T11-24-00.269  14.370716,5.8636065,15.442487
2013-07-18T11-24-00.271  13.949192,5.4804034,15.404167
2013-07-18T11-24-00.274  13.374388,4.943919,15.404167
2013-07-18T11-24-00.281  12.914544,4.3691144,15.174245
2013-07-18T11-24-00.304  12.224778,3.4877472,14.867682
2013-07-18T11-24-00.306  11.458372,2.8363018,14.446159
2013-07-18T11-24-00.311  10.845247,2.2998176,14.101276
2013-07-18T11-24-00.314  10.078841,1.6866925,13.909675
2013-07-18T11-24-00.343  9.465716,0.69036436,13.947995
2013-07-18T11-24-00.344  9.082513,0.30716124,13.526471
2013-07-18T11-24-00.346  8.890911,-0.07604187,13.258229
2013-07-18T11-24-00.347  8.73763,-0.38260436,13.0666275
2013-07-18T11-24-00.365  8.852591,-1.0340496,12.836706
2013-07-18T11-24-00.367  8.584349,-1.4938934,12.721745
2013-07-18T11-24-00.370  8.0861845,-1.7621356,12.453503
2013-07-18T11-24-00.382  7.779622,-2.4519012,12.606784
2013-07-18T11-24-00.386  7.3197784,-2.7584639,12.760065
2013-07-18T11-24-00.399  6.9365754,-2.9500654,12.836706
2013-07-18T11-24-00.402  6.630013,-2.8734248,12.721745
2013-07-18T11-24-00.416  5.940247,-3.1799872,13.0666275
2013-07-18T11-24-00.418  5.2888017,-3.7164717,13.41151
2013-07-18T11-24-00.434  4.3691144,-4.1763153,13.794714
2013-07-18T11-24-00.436  3.1045442,-4.367917,14.292878
2013-07-18T11-24-00.449  1.9166144,-4.636159,14.369518
2013-07-18T11-24-00.451  0.88196594,-4.8660808,14.484479
2013-07-18T11-24-00.466  -0.459245,-4.9427214,14.024635
2013-07-18T11-24-00.468  -1.3789325,-4.9427214,13.8330345
2013-07-18T11-24-00.485  -2.29862,-5.4025655,13.488152
2013-07-18T11-24-00.486  -2.8734248,-5.8240886,13.104948
2013-07-18T11-24-00.504  -3.294948,-6.1689715,12.645104
2013-07-18T11-24-00.506  -3.869753,-6.7437763,12.223581
2013-07-18T11-24-00.520  -4.75112,-7.0503387,12.0703
2013-07-18T11-24-00.521  -5.517526,-7.586823,12.10862
2013-07-18T11-24-00.523  -6.6671357,-7.8933854,12.223581
2013-07-18T11-24-00.535  -7.5101824,-7.6634636,11.993659
2013-07-18T11-24-00.538  -8.199948,-7.6251435,11.917019
2013-07-18T11-24-00.553  -8.851394,-7.5101824,12.03198
2013-07-18T11-24-00.554  -9.426198,-7.2802606,11.9553385
2013-07-18T11-24-00.568  -9.847721,-7.6634636,12.10862
2013-07-18T11-24-00.570  -10.422526,-7.6251435,12.415182
2013-07-18T11-24-00.587  -10.652448,-7.4718623,12.721745
2013-07-18T11-24-00.588  -11.073972,-7.0503387,13.0666275
2013-07-18T11-24-00.603  -11.188932,-6.245612,13.37319
2013-07-18T11-24-00.604  -11.303893,-5.517526,13.526471
2013-07-18T11-24-00.623  -10.88237,-4.9044013,12.913346
2013-07-18T11-24-00.625  -10.460847,-4.023034,11.725417
