2013-07-18T11-21-58.250  12.41638,5.2504816,5.2109637
2013-07-18T11-21-58.252  2.2614973,2.2614973,1.685495
2013-07-18T11-21-58.253  2.0315752,2.223177,1.8387762
2013-07-18T11-21-58.259  1.9166144,2.874622,2.0686982
2013-07-18T11-21-58.273  1.8016534,3.1428645,2.566862
2013-07-18T11-21-58.275  1.993255,3.4877472,2.4902215
2013-07-18T11-21-58.289  2.3381379,4.2541533,3.2183075
2013-07-18T11-21-58.291  2.6447003,4.3691144,3.52487
2013-07-18T11-21-58.307  3.0662239,5.1355205,2.1070185
2013-07-18T11-21-58.309  3.9092705,4.9822392,4.981042
2013-07-18T11-21-58.324  4.599036,5.8252864,3.5631902
2013-07-18T11-21-58.326  5.3654423,6.2084894,4.1763153
2013-07-18T11-21-58.341  6.055208,7.281458,6.9353776
2013-07-18T11-21-58.342  6.170169,8.584349,6.5521746
2013-07-18T11-21-58.358  6.476732,9.235794,8.3532295
2013-07-18T11-21-58.359  6.515052,9.887239,10.039323
2013-07-18T11-21-58.375  6.32345,10.691966,9.962683
2013-07-18T11-21-58.376  6.7066536,11.15181,12.453503
2013-07-18T11-21-58.390  7.396419,12.033176,13.603112
2013-07-18T11-21-58.391  7.894583,12.991184,14.254558
2013-07-18T11-21-58.407  9.044192,13.336067,16.630417
2013-07-18T11-21-58.408  9.733958,14.294075,17.205221
2013-07-18T11-21-58.412  9.96388,14.983841,18.20155
2013-07-18T11-21-58.429  10.193802,15.328724,19.236198
2013-07-18T11-21-58.430  9.96388,16.01849,19.50444
2013-07-18T11-21-58.447  9.580677,16.363373,19.581081
2013-07-18T11-21-58.448  9.733958,16.363373,19.581081
2013-07-18T11-21-58.451  9.657317,16.325052,19.581081
2013-07-18T11-21-58.459  9.848919,16.631615,19.581081
2013-07-18T11-21-58.477  9.772279,15.941849,19.581081
2013-07-18T11-21-58.478  9.465716,15.596966,19.581081
2013-07-18T11-21-58.492  9.427396,14.86888,19.389479
2013-07-18T11-21-58.493  9.465716,14.140794,18.546432
2013-07-18T11-21-58.514  9.274115,13.451029,17.243542
2013-07-18T11-21-58.521  8.852591,12.722942,16.017292
2013-07-18T11-21-58.532  8.622669,11.649974,14.714401
2013-07-18T11-21-58.534  8.162826,10.883568,13.526471
2013-07-18T11-21-58.535  7.741302,10.193802,12.415182
2013-07-18T11-21-58.539  6.898255,9.504036,11.150612
2013-07-18T11-21-58.559  6.400091,8.77595,10.307566
2013-07-18T11-21-58.560  5.8252864,8.277786,9.081315
2013-07-18T11-21-58.564  5.5953646,8.0861845,7.931706
2013-07-18T11-21-58.577  5.4420834,7.4730597,7.0503387
2013-07-18T11-21-58.580  5.327122,6.898255,6.3222528
2013-07-18T11-21-58.593  5.212161,6.515052,5.862409
2013-07-18T11-21-58.596  5.2504816,6.0168877,5.364245
2013-07-18T11-21-58.610  4.828958,5.403763,4.8277607
2013-07-18T11-21-58.612  4.7139974,4.9822392,4.2912765
2013-07-18T11-21-58.630  4.7139974,4.6373568,4.137995
2013-07-18T11-21-58.631  4.7139974,4.100872,3.52487
2013-07-18T11-21-58.645  4.100872,3.5260675,2.911745
2013-07-18T11-21-58.646  3.8709502,3.1428645,2.6051824
2013-07-18T11-21-58.662  3.334466,2.7979815,1.9154168
2013-07-18T11-21-58.663  2.9512627,2.3381379,1.4938934
2013-07-18T11-21-58.679  2.1848567,1.8399738,1.2639716
2013-07-18T11-21-58.680  1.4567707,1.6483722,1.0340496
2013-07-18T11-21-58.696  0.88196594,0.9969269,1.2256513
2013-07-18T11-21-58.697  0.38380188,0.69036436,1.2256513
2013-07-18T11-21-58.714  -0.30596375,0.42212218,1.2639716
2013-07-18T11-21-58.717  -0.8424481,0.34548157,1.2256513
2013-07-18T11-21-58.718  -1.6088544,0.07723938,0.9190887
2013-07-18T11-21-58.730  -1.9537371,-0.1526825,0.9574091
2013-07-18T11-21-58.732  -2.2602997,-0.38260436,1.1106904
2013-07-18T11-21-58.749  -2.6051824,-0.61252624,0.9957294
2013-07-18T11-21-58.750  -3.1799872,-0.7274872,0.9190887
2013-07-18T11-21-58.763  -3.294948,-0.9190887,1.187331
2013-07-18T11-21-58.765  -3.6398308,-1.1106904,1.5322137
2013-07-18T11-21-58.779  -4.061354,-1.1490107,1.8004559
2013-07-18T11-21-58.780  -4.597839,-1.07237,2.1453388
2013-07-18T11-21-58.797  -4.981042,-1.1490107,2.5285418
2013-07-18T11-21-58.798  -5.6324873,-0.8807684,2.911745
2013-07-18T11-21-58.814  -5.9390497,-0.4975653,3.2566278
2013-07-18T11-21-58.815  -6.092331,-0.07604187,3.4865496
2013-07-18T11-21-58.830  -5.900729,0.26884094,3.4482293
2013-07-18T11-21-58.831  -5.0960026,0.15388,3.4482293
2013-07-18T11-21-58.848  -4.214636,0.23052064,3.2566278
2013-07-18T11-21-58.849  -3.6781511,0.57540345,3.0650263
2013-07-18T11-21-58.866  -3.1033466,1.1118878,2.8351045
2013-07-18T11-21-58.867  -2.413581,1.3418097,3.0650263
2013-07-18T11-21-58.869  -1.8387762,1.9549347,3.0650263
2013-07-18T11-21-58.885  -1.4172528,2.2614973,3.141667
2013-07-18T11-21-58.888  -0.9190887,2.8363018,3.3332684
2013-07-18T11-21-58.900  -0.57420594,3.4111066,3.409909
2013-07-18T11-21-58.901  -0.65084654,3.83263,3.9463935
2013-07-18T11-21-58.917  5.987549E-4,4.215833,4.3295965
2013-07-18T11-21-58.918  0.49876282,4.7523174,4.8660808
2013-07-18T11-21-58.934  1.2268487,5.173841,4.981042
2013-07-18T11-21-58.935  1.7633331,5.4804034,5.479206
2013-07-18T11-21-58.951  2.0315752,5.8636065,5.747448
2013-07-18T11-21-58.952  2.4147785,6.32345,6.0156903
2013-07-18T11-21-58.968  2.5680597,6.5533724,6.5521746
2013-07-18T11-21-58.969  2.4147785,6.630013,6.9353776
2013-07-18T11-21-58.984  2.4147785,6.9748955,7.2802606
2013-07-18T11-21-58.986  2.0698957,6.9365754,7.6251435
2013-07-18T11-21-59.001  2.108216,7.051536,7.931706
2013-07-18T11-21-59.002  1.9549347,7.5497003,8.314909
2013-07-18T11-21-59.018  2.1848567,7.8179426,8.659792
2013-07-18T11-21-59.019  2.1465364,8.277786,8.889713
2013-07-18T11-21-59.021  2.6447003,8.967552,9.234596
2013-07-18T11-21-59.035  3.1428645,9.005872,9.541159
2013-07-18T11-21-59.037  3.2961457,9.197474,9.771081
2013-07-18T11-21-59.052  3.7559893,8.890911,10.077643
2013-07-18T11-21-59.054  3.4111066,8.73763,10.307566
2013-07-18T11-21-59.070  3.1428645,8.622669,10.844049
2013-07-18T11-21-59.072  2.60638,8.77595,11.380534
2013-07-18T11-21-59.087  2.223177,9.197474,11.9553385
2013-07-18T11-21-59.089  2.2998176,9.5423565,12.300221
2013-07-18T11-21-59.104  2.7979815,10.078841,12.645104
2013-07-18T11-21-59.106  3.6410284,10.308763,12.721745
2013-07-18T11-21-59.120  4.675677,10.270443,12.721745
2013-07-18T11-21-59.121  5.4420834,10.385404,12.875027
2013-07-18T11-21-59.140  6.32345,10.308763,13.219909
2013-07-18T11-21-59.143  6.898255,10.232122,13.33487
2013-07-18T11-21-59.155  7.588021,10.0022,13.679752
2013-07-18T11-21-59.156  7.6646614,10.0022,13.8330345
2013-07-18T11-21-59.160  7.051536,9.848919,13.488152
2013-07-18T11-21-59.171  6.668333,9.695638,12.836706
2013-07-18T11-21-59.174  6.0935283,9.389075,12.376863
2013-07-18T11-21-59.190  5.557044,8.890911,11.802057
2013-07-18T11-21-59.191  5.327122,8.73763,11.457174
2013-07-18T11-21-59.206  5.173841,8.316107,11.227253
2013-07-18T11-21-59.207  4.9822392,8.162826,10.88237
2013-07-18T11-21-59.221  4.6373568,7.7029815,10.614128
2013-07-18T11-21-59.222  4.330794,7.2048173,11.035651
2013-07-18T11-21-59.238  3.449427,6.859935,11.533815
2013-07-18T11-21-59.239  2.721341,6.476732,12.300221
2013-07-18T11-21-59.255  1.5334113,6.0935283,13.104948
2013-07-18T11-21-59.256  0.42212218,5.9785676,14.062956
2013-07-18T11-21-59.272  -0.7274872,5.672005,14.714401
2013-07-18T11-21-59.273  -1.4555731,5.2888017,14.906003
2013-07-18T11-21-59.289  -2.1070185,4.943919,15.327526
2013-07-18T11-21-59.296  -2.6435027,4.4840755,15.097605
2013-07-18T11-21-59.316  -2.681823,4.215833,14.867682
2013-07-18T11-21-59.319  -2.911745,3.4877472,14.63776
2013-07-18T11-21-59.321  -3.409909,3.1045442,14.369518
2013-07-18T11-21-59.322  -3.754792,2.3764582,14.216237
2013-07-18T11-21-59.326  -4.406237,2.2998176,14.407839
2013-07-18T11-21-59.342  -5.1726437,1.7633331,14.216237
2013-07-18T11-21-59.344  -5.6708074,1.3034893,14.024635
2013-07-18T11-21-59.365  -6.2839327,1.2268487,13.603112
2013-07-18T11-21-59.367  -6.1306515,1.1118878,13.0666275
2013-07-18T11-21-59.368  -5.9390497,0.61372375,12.606784
2013-07-18T11-21-59.374  -5.4025655,0.30716124,12.03198
2013-07-18T11-21-59.394  -5.134323,-0.30596375,11.457174
2013-07-18T11-21-59.396  -4.78944,-0.8424481,10.997331
2013-07-18T11-21-59.411  -4.4445577,-0.9574091,10.422526
2013-07-18T11-21-59.415  -4.4445577,-1.2639716,9.924362
2013-07-18T11-21-59.427  -4.1763153,-0.9957294,9.464519
2013-07-18T11-21-59.428  -4.5211983,-1.187331,9.081315
2013-07-18T11-21-59.449  -4.8660808,-0.9190887,9.119636
2013-07-18T11-21-59.451  -5.325925,-0.459245,8.736432
2013-07-18T11-21-59.452  -5.4408855,-0.4209247,8.238269
2013-07-18T11-21-59.455  -5.2492843,-0.30596375,8.046667
2013-07-18T11-21-59.463  -4.9427214,-0.07604187,7.1653
2013-07-18T11-21-59.477  -4.4828777,-0.07604187,6.3988934
2013-07-18T11-21-59.479  -3.9463935,-0.1526825,5.747448
2013-07-18T11-21-59.495  -3.409909,0.03891907,5.134323
2013-07-18T11-21-59.497  -2.911745,-0.22932312,4.406237
2013-07-18T11-21-59.511  -2.413581,-0.22932312,3.5631902
2013-07-18T11-21-59.513  -2.1070185,-0.03772156,2.9883857
2013-07-18T11-21-59.528  -1.8770965,0.11555969,2.566862
2013-07-18T11-21-59.530  -1.5705341,0.30716124,2.1070185
2013-07-18T11-21-59.545  -1.187331,0.38380188,1.6088544
2013-07-18T11-21-59.547  -0.8807684,0.53708315,1.3022919
2013-07-18T11-21-59.562  -0.8807684,0.65204406,1.3789325
2013-07-18T11-21-59.563  -0.8041278,0.84364563,0.9957294
2013-07-18T11-21-59.584  -0.4975653,1.1118878,0.9190887
2013-07-18T11-21-59.585  -0.07604187,0.95860654,1.187331
2013-07-18T11-21-59.597  0.49876282,1.1502081,1.1106904
2013-07-18T11-21-59.599  0.65204406,1.3034893,1.3406122
2013-07-18T11-21-59.611  1.1118878,1.5717316,1.685495
2013-07-18T11-21-59.612  1.1502081,1.6483722,1.9537371
2013-07-18T11-21-59.615  1.8016534,1.8782941,2.0686982
2013-07-18T11-21-59.627  1.8016534,2.1848567,2.1453388
2013-07-18T11-21-59.631  2.1465364,2.4530988,2.0303779
2013-07-18T11-21-59.645  2.1848567,2.5297394,1.9920574
2013-07-18T11-21-59.647  2.491419,2.9512627,1.8004559
2013-07-18T11-21-59.661  2.9512627,3.3727863,2.2602997
2013-07-18T11-21-59.663  3.2578254,3.8709502,2.2602997
2013-07-18T11-21-59.678  3.5643878,4.4840755,2.566862
2013-07-18T11-21-59.679  4.0242314,4.828958,2.7967842
2013-07-18T11-21-59.695  4.6373568,5.173841,2.9500654
2013-07-18T11-21-59.696  4.5223956,5.518724,3.0650263
2013-07-18T11-21-59.712  5.0972004,5.901927,3.294948
2013-07-18T11-21-59.713  5.2504816,6.400091,3.869753
2013-07-18T11-21-59.730  5.672005,7.013216,4.252956
2013-07-18T11-21-59.731  6.055208,7.3197784,4.8277607
2013-07-18T11-21-59.749  6.400091,7.5497003,5.5941668
2013-07-18T11-21-59.750  6.630013,7.588021,6.207292
2013-07-18T11-21-59.763  6.630013,7.779622,6.9353776
2013-07-18T11-21-59.764  6.668333,8.047864,7.3952217
2013-07-18T11-21-59.768  6.668333,7.894583,7.931706
2013-07-18T11-21-59.781  6.5533724,8.239466,8.544831
2013-07-18T11-21-59.784  6.438411,8.277786,8.889713
2013-07-18T11-21-59.797  6.5533724,8.392747,9.272917
2013-07-18T11-21-59.800  6.5533724,8.316107,9.847721
2013-07-18T11-21-59.814  6.7066536,8.584349,10.307566
2013-07-18T11-21-59.816  6.438411,8.469388,11.150612
2013-07-18T11-21-59.831  6.630013,8.469388,12.03198
2013-07-18T11-21-59.833  6.5533724,8.124505,13.104948
2013-07-18T11-21-59.852  6.630013,8.239466,13.947995
2013-07-18T11-21-59.855  6.3617706,8.316107,14.867682
2013-07-18T11-21-59.871  6.0168877,8.162826,15.864011
2013-07-18T11-21-59.873  5.5953646,8.239466,16.592096
2013-07-18T11-21-59.874  5.02056,8.0861845,16.860338
2013-07-18T11-21-59.880  4.828958,7.9329033,16.707058
2013-07-18T11-21-59.903  4.560716,7.626341,16.553776
2013-07-18T11-21-59.906  4.4840755,7.3197784,16.170572
2013-07-18T11-21-59.922  4.1775126,7.1281767,15.442487
2013-07-18T11-21-59.924  4.062552,6.3617706,15.020964
2013-07-18T11-21-59.925  3.9475908,5.940247,14.484479
2013-07-18T11-21-59.929  3.5260675,5.518724,13.986316
2013-07-18T11-21-59.936  2.9129424,4.943919,14.216237
2013-07-18T11-21-59.954  1.6483722,4.7523174,14.63776
2013-07-18T11-21-59.956  0.53708315,4.6373568,15.097605
2013-07-18T11-21-59.970  0.03891907,4.4074345,14.944324
2013-07-18T11-21-59.972  -0.68916684,4.445755,15.097605
2013-07-18T11-21-59.986  -1.07237,4.3691144,14.484479
2013-07-18T11-21-59.987  -0.9957294,4.5223956,14.062956
2013-07-18T11-22-00.009  -0.7658075,4.1775126,13.718073
2013-07-18T11-22-00.014  -0.61252624,4.2541533,13.488152
2013-07-18T11-22-00.015  -0.9574091,4.100872,13.028308
2013-07-18T11-22-00.017  -0.9957294,3.9859114,13.29655
2013-07-18T11-22-00.047  -1.4938934,3.602708,13.449831
2013-07-18T11-22-00.049  -2.0303779,3.334466,13.718073
2013-07-18T11-22-00.050  -2.6051824,3.2961457,13.947995
2013-07-18T11-22-00.051  -3.1033466,3.4111066,13.679752
2013-07-18T11-22-00.072  -3.754792,3.2961457,13.564792
2013-07-18T11-22-00.074  -4.137995,3.0662239,13.104948
2013-07-18T11-22-00.081  -4.1763153,2.9129424,12.913346
2013-07-18T11-22-00.098  -4.0996747,2.2998176,12.683425
2013-07-18T11-22-00.099  -3.9847138,2.0698957,11.9553385
2013-07-18T11-22-00.100  -4.3295965,1.8782941,11.495495
2013-07-18T11-22-00.105  -4.5595183,1.6483722,10.959011
2013-07-18T11-22-00.119  -5.0576825,1.5334113,10.729089
2013-07-18T11-22-00.121  -5.6708074,1.6483722,10.269245
2013-07-18T11-22-00.137  -5.900729,1.5334113,9.65612
2013-07-18T11-22-00.138  -5.97737,1.495091,9.119636
2013-07-18T11-22-00.156  -5.8240886,1.38013,8.583151
2013-07-18T11-22-00.157  -5.862409,0.95860654,7.970026
2013-07-18T11-22-00.173  -5.747448,0.61372375,7.5101824
2013-07-18T11-22-00.174  -5.479206,0.49876282,6.820417
2013-07-18T11-22-00.188  -5.5941668,0.26884094,6.2839327
2013-07-18T11-22-00.189  -5.325925,0.30716124,6.0156903
2013-07-18T11-22-00.204  -5.479206,0.15388,5.5941668
2013-07-18T11-22-00.206  -5.479206,0.34548157,5.517526
2013-07-18T11-22-00.221  -5.5941668,0.53708315,5.1726437
2013-07-18T11-22-00.222  -5.2876043,0.4604425,5.2109637
2013-07-18T11-22-00.225  -5.2876043,0.53708315,5.0576825
2013-07-18T11-22-00.239  -4.6744795,0.38380188,4.5595183
2013-07-18T11-22-00.241  -4.061354,0.38380188,4.4445577
2013-07-18T11-22-00.257  -3.754792,0.30716124,3.754792
2013-07-18T11-22-00.259  -3.1799872,0.07723938,2.911745
2013-07-18T11-22-00.274  -2.7967842,0.23052064,2.3369403
2013-07-18T11-22-00.275  -2.6051824,0.30716124,1.9154168
2013-07-18T11-22-00.291  -2.0686982,0.34548157,1.5705341
2013-07-18T11-22-00.293  -1.8387762,0.42212218,1.3022919
2013-07-18T11-22-00.307  -1.6088544,0.42212218,1.1106904
2013-07-18T11-22-00.308  -1.2639716,0.53708315,0.9574091
2013-07-18T11-22-00.323  -0.61252624,1.0735675,0.8041278
2013-07-18T11-22-00.324  -0.22932312,1.3034893,0.65084654
2013-07-18T11-22-00.340  0.15388,1.3034893,0.8807684
2013-07-18T11-22-00.341  0.84364563,1.6483722,1.4555731
2013-07-18T11-22-00.357  1.4567707,2.223177,1.6471747
2013-07-18T11-22-00.358  2.0698957,2.5680597,2.0686982
2013-07-18T11-22-00.373  2.6447003,2.5297394,2.183659
2013-07-18T11-22-00.375  3.1045442,2.989583,2.183659
2013-07-18T11-22-00.378  3.1428645,3.1428645,2.0303779
2013-07-18T11-22-00.391  3.219505,3.2961457,1.8770965
2013-07-18T11-22-00.394  3.1428645,3.4877472,1.7238153
2013-07-18T11-22-00.407  3.1811848,4.1775126,1.9537371
2013-07-18T11-22-00.410  3.0662239,4.8672786,2.3369403
2013-07-18T11-22-00.424  2.989583,5.0972004,2.7201433
2013-07-18T11-22-00.426  3.2578254,5.8636065,2.8351045
2013-07-18T11-22-00.442  3.7943096,6.476732,3.1033466
2013-07-18T11-22-00.443  4.292474,6.9365754,3.141667
2013-07-18T11-22-00.459  4.6373568,7.5497003,3.6781511
2013-07-18T11-22-00.460  5.02056,8.047864,4.137995
2013-07-18T11-22-00.475  5.1355205,8.890911,4.4828777
2013-07-18T11-22-00.476  5.672005,9.465716,5.134323
2013-07-18T11-22-00.492  5.4804034,10.308763,5.7857685
2013-07-18T11-22-00.494  5.672005,10.845247,6.3222528
2013-07-18T11-22-00.509  5.748646,11.343411,6.973698
2013-07-18T11-22-00.510  5.786966,11.726614,7.740104
2013-07-18T11-22-00.515  6.32345,12.4547,8.42987
2013-07-18T11-22-00.527  6.783294,12.684622,9.157956
2013-07-18T11-22-00.532  6.9748955,12.914544,10.192604
2013-07-18T11-22-00.544  7.0898566,13.106146,11.035651
2013-07-18T11-22-00.546  7.3197784,13.182786,11.9553385
2013-07-18T11-22-00.563  7.3197784,13.182786,12.376863
2013-07-18T11-22-00.564  7.3197784,12.991184,12.721745
2013-07-18T11-22-00.577  6.859935,12.761263,12.875027
2013-07-18T11-22-00.578  6.2084894,12.263099,13.028308
2013-07-18T11-22-00.594  5.403763,11.726614,13.488152
2013-07-18T11-22-00.595  4.1391926,11.26677,14.446159
2013-07-18T11-22-00.617  3.2961457,11.036849,14.829362
2013-07-18T11-22-00.619  2.5297394,10.462044,15.595768
2013-07-18T11-22-00.637  1.8399738,10.308763,15.74905
2013-07-18T11-22-00.638  0.88196594,9.733958,16.017292
2013-07-18T11-22-00.640  0.65204406,9.389075,15.672409
2013-07-18T11-22-00.643  0.65204406,8.967552,14.982643
2013-07-18T11-22-00.669  0.69036436,8.469388,14.062956
2013-07-18T11-22-00.671  0.34548157,8.239466,13.41151
2013-07-18T11-22-00.672  0.26884094,7.741302,12.415182
2013-07-18T11-22-00.675  0.15388,7.4730597,11.303893
2013-07-18T11-22-00.683  0.07723938,6.7449737,10.307566
2013-07-18T11-22-00.697  -0.07604187,6.2468095,9.272917
2013-07-18T11-22-00.699  -0.30596375,5.748646,8.238269
2013-07-18T11-22-00.714  -0.4975653,5.0972004,7.3952217
2013-07-18T11-22-00.715  -0.9574091,4.445755,6.705456
2013-07-18T11-22-00.729  -1.4555731,3.8709502,6.207292
2013-07-18T11-22-00.731  -1.9920574,3.5260675,6.0156903
2013-07-18T11-22-00.747  -2.6051824,3.219505,5.862409
2013-07-18T11-22-00.748  -3.0650263,2.7979815,5.747448
2013-07-18T11-22-00.763  -3.8314326,2.2998176,5.5941668
2013-07-18T11-22-00.765  -4.137995,2.3381379,5.4025655
2013-07-18T11-22-00.780  -4.137995,2.108216,5.364245
2013-07-18T11-22-00.781  -4.023034,1.6866925,5.134323
2013-07-18T11-22-00.797  -3.7931123,1.4567707,4.75112
2013-07-18T11-22-00.798  -3.3332684,1.0735675,4.406237
2013-07-18T11-22-00.814  -3.2566278,0.84364563,4.023034
2013-07-18T11-22-00.816  -3.3715887,0.92028624,3.6015105
2013-07-18T11-22-00.819  -3.4482293,0.92028624,3.3332684
2013-07-18T11-22-00.833  -3.7931123,0.767005,2.9500654
2013-07-18T11-22-00.835  -3.869753,0.69036436,2.29862
2013-07-18T11-22-00.848  -3.869753,0.767005,1.9920574
2013-07-18T11-22-00.851  -3.8314326,0.65204406,1.3022919
2013-07-18T11-22-00.872  -3.6015105,1.1502081,1.07237
2013-07-18T11-22-00.874  -2.911745,1.1502081,0.8041278
2013-07-18T11-22-00.879  -2.3752606,1.5334113,0.9574091
2013-07-18T11-22-00.883  -1.6471747,1.7633331,0.9574091
2013-07-18T11-22-00.897  -0.68916684,2.2998176,1.1490107
2013-07-18T11-22-00.900  -0.30596375,2.4147785,1.6088544
2013-07-18T11-22-00.916  0.26884094,2.7979815,1.9154168
2013-07-18T11-22-00.917  0.69036436,3.1428645,2.2602997
2013-07-18T11-22-00.933  1.1885284,3.6793487,2.4902215
2013-07-18T11-22-00.934  1.3034893,4.292474,2.6051824
2013-07-18T11-22-00.950  1.6100519,4.599036,2.9883857
2013-07-18T11-22-00.951  1.993255,5.1355205,3.026706
2013-07-18T11-22-00.968  2.1465364,5.672005,3.3332684
2013-07-18T11-22-00.969  2.7596612,6.32345,3.4865496
2013-07-18T11-22-00.972  3.1045442,7.0898566,3.9463935
2013-07-18T11-22-00.985  3.83263,7.9329033,4.4828777
2013-07-18T11-22-00.988  4.1775126,8.66099,5.2109637
2013-07-18T11-22-01.000  4.560716,9.733958,5.862409
2013-07-18T11-22-01.004  4.828958,10.730287,6.820417
2013-07-18T11-22-01.017  5.212161,11.918216,7.7784247
2013-07-18T11-22-01.020  5.6336846,12.799583,8.889713
2013-07-18T11-22-01.034  5.9785676,13.719271,9.65612
2013-07-18T11-22-01.036  6.28513,14.217435,10.384206
2013-07-18T11-22-01.051  6.859935,14.370716,10.88237
2013-07-18T11-22-01.053  7.166497,14.792239,11.2655735
2013-07-18T11-22-01.069  7.51138,14.523997,11.457174
2013-07-18T11-22-01.070  7.4347396,14.370716,11.648776
2013-07-18T11-22-01.088  7.51138,13.872552,11.9553385
2013-07-18T11-22-01.089  6.859935,13.412708,12.415182
2013-07-18T11-22-01.102  6.131849,13.067825,12.376863
2013-07-18T11-22-01.104  5.4420834,12.607982,12.951667
2013-07-18T11-22-01.122  4.7139974,11.649974,13.0666275
2013-07-18T11-22-01.123  3.9859114,10.883568,13.143269
2013-07-18T11-22-01.125  3.5260675,10.078841,12.913346
2013-07-18T11-22-01.137  3.1428645,9.657317,12.453503
2013-07-18T11-22-01.140  2.721341,9.005872,12.0703
2013-07-18T11-22-01.153  2.2998176,8.277786,11.572136
2013-07-18T11-22-01.156  1.9549347,7.626341,10.767409
2013-07-18T11-22-01.172  1.3034893,6.9748955,10.001003
2013-07-18T11-22-01.173  0.9969269,6.515052,9.196277
2013-07-18T11-22-01.187  0.9969269,6.2468095,8.199948
2013-07-18T11-22-01.188  0.95860654,5.6336846,6.8970575
2013-07-18T11-22-01.204  0.767005,5.212161,6.0156903
2013-07-18T11-22-01.206  0.8053253,4.5223956,4.8277607
2013-07-18T11-22-01.221  0.53708315,4.1391926,3.8314326
2013-07-18T11-22-01.222  5.987549E-4,3.5260675,3.409909
2013-07-18T11-22-01.238  -0.65084654,3.1428645,3.1033466
2013-07-18T11-22-01.239  -1.07237,2.491419,3.3715887
2013-07-18T11-22-01.256  -1.8387762,2.3381379,3.409909
2013-07-18T11-22-01.257  -2.2219794,1.9166144,3.294948
2013-07-18T11-22-01.273  -2.566862,1.4567707,3.3715887
2013-07-18T11-22-01.274  -2.6051824,0.9969269,3.3332684
2013-07-18T11-22-01.289  -2.7967842,0.42212218,3.294948
2013-07-18T11-22-01.290  -2.7967842,-0.07604187,3.2183075
2013-07-18T11-22-01.293  -3.026706,-0.34428406,3.3332684
2013-07-18T11-22-01.307  -3.294948,-0.7274872,3.409909
2013-07-18T11-22-01.309  -4.023034,-1.0340496,3.4865496
2013-07-18T11-22-01.323  -4.4828777,-1.07237,3.6015105
2013-07-18T11-22-01.325  -5.0960026,-1.0340496,3.5631902
2013-07-18T11-22-01.341  -5.517526,-1.187331,3.2183075
2013-07-18T11-22-01.343  -5.5558467,-1.1490107,2.9883857
2013-07-18T11-22-01.358  -5.325925,-1.187331,2.9883857
2013-07-18T11-22-01.359  -5.2876043,-0.9574091,2.6435027
2013-07-18T11-22-01.374  -4.981042,-0.9957294,2.8734248
2013-07-18T11-22-01.375  -4.5595183,-0.61252624,2.6051824
2013-07-18T11-22-01.391  -3.9080732,-0.65084654,3.1799872
2013-07-18T11-22-01.392  -3.3332684,-0.22932312,3.8314326
2013-07-18T11-22-01.408  -2.7967842,0.26884094,4.137995
2013-07-18T11-22-01.409  -2.413581,0.72868466,4.75112
2013-07-18T11-22-01.425  -2.29862,1.5334113,5.5941668
2013-07-18T11-22-01.426  -2.183659,2.223177,6.3605733
2013-07-18T11-22-01.431  -1.8387762,3.0662239,6.858737
2013-07-18T11-22-01.443  -1.6471747,3.9092705,7.6634636
2013-07-18T11-22-01.445  -1.1106904,5.403763,8.42987
2013-07-18T11-22-01.460  -0.38260436,6.3617706,9.349558
2013-07-18T11-22-01.461  1.1885284,7.5497003,10.269245
2013-07-18T11-22-01.477  2.60638,8.890911,11.2655735
2013-07-18T11-22-01.478  4.215833,9.92556,12.300221
2013-07-18T11-22-01.492  5.6336846,11.26677,13.488152
2013-07-18T11-22-01.496  6.476732,12.148138,14.63776
2013-07-18T11-22-01.514  7.1281767,12.761263,15.557448
2013-07-18T11-22-01.515  7.396419,13.60431,16.553776
2013-07-18T11-22-01.533  6.9748955,14.409037,17.1669
2013-07-18T11-22-01.534  6.783294,14.715599,17.435143
2013-07-18T11-22-01.535  6.2468095,14.792239,17.665066
2013-07-18T11-22-01.542  6.055208,15.0221615,17.741707
2013-07-18T11-22-01.565  6.0168877,14.332396,17.12858
2013-07-18T11-22-01.567  5.8252864,13.910872,16.362175
2013-07-18T11-22-01.584  5.3654423,13.451029,15.6340885
2013-07-18T11-22-01.585  5.05888,12.952865,14.714401
2013-07-18T11-22-01.586  4.7523174,12.4547,13.794714
2013-07-18T11-22-01.590  4.599036,11.688294,13.0666275
2013-07-18T11-22-01.598  4.330794,11.075169,12.338542
2013-07-18T11-22-01.616  4.1775126,10.270443,11.457174
2013-07-18T11-22-01.618  3.717669,9.810598,10.614128
2013-07-18T11-22-01.631  3.1811848,9.350755,9.847721
2013-07-18T11-22-01.633  2.9129424,8.77595,8.889713
2013-07-18T11-22-01.647  2.60638,8.316107,7.970026
2013-07-18T11-22-01.649  2.4530988,7.779622,7.2419405
2013-07-18T11-22-01.668  2.1848567,7.358099,6.7820964
2013-07-18T11-22-01.671  2.223177,6.9365754,6.475534
2013-07-18T11-22-01.687  1.8399738,6.515052,5.5941668
2013-07-18T11-22-01.688  1.7633331,5.9785676,5.4025655
2013-07-18T11-22-01.690  1.8399738,5.672005,5.0576825
2013-07-18T11-22-01.694  1.8399738,5.173841,4.636159
2013-07-18T11-22-01.712  1.5334113,4.560716,4.137995
2013-07-18T11-22-01.714  1.2268487,4.4074345,3.754792
2013-07-18T11-22-01.730  0.92028624,3.7559893,3.4865496
2013-07-18T11-22-01.731  0.42212218,3.5643878,3.1799872
2013-07-18T11-22-01.736  -0.26764342,3.0662239,3.1799872
2013-07-18T11-22-01.748  -0.61252624,2.874622,2.8351045
2013-07-18T11-22-01.751  -1.0340496,2.7979815,2.8734248
2013-07-18T11-22-01.767  -1.4938934,2.3764582,2.7967842
2013-07-18T11-22-01.770  -1.5322137,1.9549347,2.7201433
2013-07-18T11-22-01.784  -1.5322137,1.6866925,2.9883857
2013-07-18T11-22-01.788  -1.8004559,1.495091,2.9500654
2013-07-18T11-22-01.801  -1.7238153,1.1502081,3.409909
2013-07-18T11-22-01.802  -1.9920574,0.95860654,3.52487
2013-07-18T11-22-01.816  -1.9920574,0.49876282,3.52487
2013-07-18T11-22-01.818  -2.3752606,0.34548157,3.6015105
2013-07-18T11-22-01.833  -2.6051824,0.07723938,3.5631902
2013-07-18T11-22-01.834  -3.141667,0.07723938,3.3332684
2013-07-18T11-22-01.850  -3.0650263,0.15388,3.2566278
2013-07-18T11-22-01.851  -3.3332684,0.15388,3.2183075
2013-07-18T11-22-01.867  -3.5631902,0.26884094,3.409909
2013-07-18T11-22-01.869  -3.5631902,0.49876282,3.52487
2013-07-18T11-22-01.884  -3.3715887,0.34548157,3.4482293
2013-07-18T11-22-01.887  -2.9500654,0.53708315,3.6398308
2013-07-18T11-22-01.889  -2.681823,0.767005,3.52487
2013-07-18T11-22-01.902  -2.0686982,1.0735675,3.9080732
2013-07-18T11-22-01.906  -1.685495,1.6100519,4.0996747
2013-07-18T11-22-01.919  -1.187331,1.9549347,4.3295965
2013-07-18T11-22-01.921  -0.8424481,2.491419,4.75112
2013-07-18T11-22-01.936  -0.459245,3.2961457,4.981042
2013-07-18T11-22-01.937  5.987549E-4,3.7943096,5.325925
2013-07-18T11-22-01.952  0.767005,4.2541533,5.862409
2013-07-18T11-22-01.954  1.38013,4.9055986,6.207292
2013-07-18T11-22-01.969  2.0698957,5.4420834,6.590495
2013-07-18T11-22-01.971  2.0698957,6.170169,6.9353776
2013-07-18T11-22-01.986  1.8016534,7.051536,7.318581
2013-07-18T11-22-01.988  1.7250128,7.741302,7.6634636
2013-07-18T11-22-02.003  1.8016534,8.469388,8.276588
2013-07-18T11-22-02.004  1.6483722,9.082513,9.081315
2013-07-18T11-22-02.020  1.9166144,9.695638,9.6178
2013-07-18T11-22-02.021  2.3381379,9.96388,10.115964
2013-07-18T11-22-02.037  2.8363018,10.423724,10.690768
2013-07-18T11-22-02.039  3.2578254,10.462044,11.303893
2013-07-18T11-22-02.041  3.3727863,10.615325,11.687097
2013-07-18T11-22-02.055  3.7943096,10.577005,12.0703
2013-07-18T11-22-02.057  3.449427,10.232122,12.568463
2013-07-18T11-22-02.071  3.5643878,10.347083,13.028308
2013-07-18T11-22-02.073  3.4111066,9.96388,13.41151
2013-07-18T11-22-02.087  2.7979815,9.848919,13.258229
2013-07-18T11-22-02.088  2.5297394,9.159153,13.0666275
2013-07-18T11-22-02.106  2.721341,8.622669,13.143269
2013-07-18T11-22-02.108  2.4530988,8.162826,13.181589
2013-07-18T11-22-02.120  2.3381379,7.396419,13.0666275
2013-07-18T11-22-02.122  2.1848567,6.400091,13.37319
2013-07-18T11-22-02.137  2.0315752,5.8252864,13.37319
2013-07-18T11-22-02.138  1.3034893,5.02056,13.794714
2013-07-18T11-22-02.156  0.4604425,4.215833,13.986316
2013-07-18T11-22-02.157  5.987549E-4,3.3727863,14.254558
2013-07-18T11-22-02.171  -0.68916684,2.7979815,14.139597
2013-07-18T11-22-02.172  -1.6088544,2.1465364,14.254558
2013-07-18T11-22-02.190  -2.3752606,1.495091,14.407839
2013-07-18T11-22-02.191  -3.294948,0.88196594,14.177917
2013-07-18T11-22-02.192  -3.9463935,0.53708315,13.37319
2013-07-18T11-22-02.205  -4.4828777,0.15388,12.223581
2013-07-18T11-22-02.208  -4.8277607,5.987549E-4,11.6104555
2013-07-18T11-22-02.224  -5.2492843,-0.26764342,10.997331
2013-07-18T11-22-02.225  -5.364245,-0.26764342,10.192604
2013-07-18T11-22-02.241  -5.2109637,0.11555969,9.962683
2013-07-18T11-22-02.242  -5.364245,0.03891907,9.426198
2013-07-18T11-22-02.256  -4.9044013,0.767005,8.851394
2013-07-18T11-22-02.257  -4.8277607,0.8053253,8.544831
2013-07-18T11-22-02.273  -4.4828777,1.0352472,8.008347
2013-07-18T11-22-02.275  -3.9080732,1.38013,7.356901
2013-07-18T11-22-02.290  -3.6398308,1.6483722,7.0503387
2013-07-18T11-22-02.292  -3.3715887,1.6866925,6.245612
2013-07-18T11-22-02.307  -3.1033466,1.9549347,5.6324873
2013-07-18T11-22-02.309  -3.141667,2.2614973,5.364245
2013-07-18T11-22-02.325  -3.3332684,2.4530988,5.2109637
2013-07-18T11-22-02.327  -3.294948,2.4530988,5.325925
2013-07-18T11-22-02.342  -3.409909,2.721341,5.364245
2013-07-18T11-22-02.343  -3.3715887,2.6830206,5.5941668
2013-07-18T11-22-02.344  -3.2183075,2.5680597,5.6324873
2013-07-18T11-22-02.358  -2.8351045,2.5297394,6.0156903
2013-07-18T11-22-02.361  -2.7201433,2.491419,6.3222528
2013-07-18T11-22-02.374  -2.566862,2.491419,6.475534
2013-07-18T11-22-02.377  -2.2602997,2.3764582,6.820417
2013-07-18T11-22-02.392  -2.0686982,2.6447003,7.012018
2013-07-18T11-22-02.393  -1.9920574,2.491419,6.7820964
2013-07-18T11-22-02.409  -1.9537371,2.1848567,6.207292
2013-07-18T11-22-02.410  -2.183659,1.993255,6.437214
