2013-07-18T11-15-15.879  -15.365847,19.467318,8.084988
2013-07-18T11-15-15.898  -0.03772156,-2.4519012,-4.6373568
2013-07-18T11-15-15.900  0.61372375,-2.1453388,-4.5223956
2013-07-18T11-15-15.916  1.265169,-1.8770965,-4.100872
2013-07-18T11-15-15.918  1.8782941,-1.3022919,-3.449427
2013-07-18T11-15-15.919  2.9129424,-0.65084654,-3.1045442
2013-07-18T11-15-15.921  4.1775126,0.23052064,-1.2268487
2013-07-18T11-15-15.930  5.173841,0.84364563,-1.0352472
2013-07-18T11-15-15.946  7.358099,1.3034893,0.30596375
2013-07-18T11-15-15.947  8.852591,1.9166144,3.2566278
2013-07-18T11-15-15.962  9.618998,3.1428645,1.187331
2013-07-18T11-15-15.964  11.19013,3.8709502,1.3022919
2013-07-18T11-15-15.988  12.722942,4.790638,1.9920574
2013-07-18T11-15-15.989  14.179114,5.6336846,1.2639716
2013-07-18T11-15-15.991  16.17177,6.170169,3.294948
2013-07-18T11-15-15.994  17.934505,6.9365754,4.4445577
2013-07-18T11-15-16.015  19.505638,7.8562627,4.252956
2013-07-18T11-15-16.018  19.543959,8.507709,4.5595183
2013-07-18T11-15-16.033  19.543959,9.197474,3.754792
2013-07-18T11-15-16.034  19.543959,9.082513,3.2566278
2013-07-18T11-15-16.051  19.543959,9.504036,3.6398308
2013-07-18T11-15-16.052  19.543959,9.312435,3.1033466
2013-07-18T11-15-16.067  19.543959,9.5423565,3.9463935
2013-07-18T11-15-16.069  19.543959,9.618998,5.0576825
2013-07-18T11-15-16.075  19.543959,10.078841,5.364245
2013-07-18T11-15-16.092  19.543959,10.040521,5.9390497
2013-07-18T11-15-16.094  19.543959,10.040521,5.6708074
2013-07-18T11-15-16.108  19.543959,9.733958,5.2109637
2013-07-18T11-15-16.110  19.543959,9.350755,4.981042
2013-07-18T11-15-16.111  19.543959,8.929232,4.214636
2013-07-18T11-15-16.114  19.543959,8.66099,3.9847138
2013-07-18T11-15-16.130  19.543959,7.8179426,4.5595183
2013-07-18T11-15-16.131  19.543959,7.588021,4.9427214
2013-07-18T11-15-16.147  19.505638,7.3197784,5.0960026
2013-07-18T11-15-16.148  18.739231,6.9748955,5.2492843
2013-07-18T11-15-16.166  18.279388,6.476732,5.2492843
2013-07-18T11-15-16.167  17.819544,5.8252864,5.2876043
2013-07-18T11-15-16.180  17.551302,5.557044,4.8277607
2013-07-18T11-15-16.181  16.938177,5.1355205,4.636159
2013-07-18T11-15-16.198  17.014818,4.675677,4.4828777
2013-07-18T11-15-16.199  16.784895,4.4840755,3.9847138
2013-07-18T11-15-16.214  16.554974,3.9475908,3.6398308
2013-07-18T11-15-16.216  16.401693,3.0662239,3.1033466
2013-07-18T11-15-16.218  15.980169,2.5680597,2.3369403
2013-07-18T11-15-16.235  15.750247,1.9166144,2.3752606
2013-07-18T11-15-16.237  15.213763,1.2268487,2.566862
2013-07-18T11-15-16.252  14.447356,0.49876282,2.4902215
2013-07-18T11-15-16.253  13.987513,-0.4209247,2.0303779
2013-07-18T11-15-16.270  13.412708,-0.68916684,1.8387762
2013-07-18T11-15-16.271  12.646302,-1.4172528,2.1453388
2013-07-18T11-15-16.282  11.420052,-1.9920574,2.1070185
2013-07-18T11-15-16.283  10.500364,-2.7201433,2.6435027
2013-07-18T11-15-16.298  9.274115,-3.6781511,2.9883857
2013-07-18T11-15-16.299  7.396419,-4.1763153,3.2566278
2013-07-18T11-15-16.317  5.557044,-5.019362,2.9500654
2013-07-18T11-15-16.319  3.1428645,-5.364245,2.5285418
2013-07-18T11-15-16.333  0.95860654,-5.8240886,2.183659
2013-07-18T11-15-16.335  -1.1106904,-5.97737,1.6088544
2013-07-18T11-15-16.352  -3.2183075,-5.900729,1.2256513
2013-07-18T11-15-16.353  -5.2109637,-5.5941668,1.07237
2013-07-18T11-15-16.357  -6.858737,-5.2109637,1.3789325
2013-07-18T11-15-16.373  -8.161628,-4.75112,1.9154168
2013-07-18T11-15-16.375  -9.426198,-4.3295965,2.7967842
2013-07-18T11-15-16.379  -10.460847,-4.0996747,3.0650263
2013-07-18T11-15-16.387  -11.725417,-4.137995,2.9883857
2013-07-18T11-15-16.407  -13.603112,-3.5631902,2.8351045
2013-07-18T11-15-16.409  -15.480807,-3.1799872,2.7584639
2013-07-18T11-15-16.427  -17.435143,-2.566862,3.4482293
2013-07-18T11-15-16.429  -18.852995,-1.7621356,4.3295965
2013-07-18T11-15-16.446  -18.738033,-0.68916684,5.2492843
2013-07-18T11-15-16.447  -18.20155,-1.2639716,5.325925
2013-07-18T11-15-16.467  -16.822018,-0.53588563,5.0960026
2013-07-18T11-15-16.469  -15.365847,-0.61252624,4.5211983
2013-07-18T11-15-16.485  -13.909675,-0.4975653,3.754792
2013-07-18T11-15-16.487  -12.760065,-0.57420594,2.9500654
2013-07-18T11-15-16.509  -11.687097,-0.61252624,2.3369403
2013-07-18T11-15-16.510  -10.614128,-0.1526825,1.8387762
2013-07-18T11-15-16.529  -9.196277,0.11555969,2.4519012
2013-07-18T11-15-16.530  -6.590495,0.11555969,3.409909
2013-07-18T11-15-16.533  -4.137995,0.03891907,4.023034
2013-07-18T11-15-16.534  -2.1070185,0.34548157,4.2912765
2013-07-18T11-15-16.536  -0.22932312,0.38380188,4.0996747
2013-07-18T11-15-16.537  1.3034893,0.84364563,3.7931123
2013-07-18T11-15-16.539  2.6447003,1.1502081,3.4482293
2013-07-18T11-15-16.554  4.560716,1.5334113,3.141667
2013-07-18T11-15-16.555  7.971224,1.1118878,2.911745
2013-07-18T11-15-16.574  12.033176,1.6483722,2.2602997
2013-07-18T11-15-16.576  15.635286,2.108216,1.0340496
2013-07-18T11-15-16.590  18.854193,2.874622,-0.84364563
2013-07-18T11-15-16.591  19.543959,3.7943096,-2.7979815
2013-07-18T11-15-16.606  19.543959,4.215833,-4.2541533
2013-07-18T11-15-16.607  19.543959,4.1775126,-4.675677
2013-07-18T11-15-16.623  19.543959,4.292474,-4.9055986
2013-07-18T11-15-16.624  19.543959,3.6793487,-5.4804034
2013-07-18T11-15-16.641  19.543959,3.5643878,-5.8252864
2013-07-18T11-15-16.642  19.543959,3.219505,-7.051536
2013-07-18T11-15-16.661  19.543959,2.3764582,-8.431067
2013-07-18T11-15-16.663  19.543959,2.0698957,-9.695638
2013-07-18T11-15-16.664  19.543959,1.7633331,-10.117161
2013-07-18T11-15-16.669  19.543959,1.3034893,-9.580677
2013-07-18T11-15-16.676  19.543959,1.6866925,-8.431067
2013-07-18T11-15-16.695  19.543959,1.8016534,-7.5497003
2013-07-18T11-15-16.697  19.543959,1.6866925,-6.476732
2013-07-18T11-15-16.709  19.543959,1.5334113,-5.786966
2013-07-18T11-15-16.712  19.543959,1.3034893,-4.790638
2013-07-18T11-15-16.729  19.314035,1.1118878,-4.100872
2013-07-18T11-15-16.732  17.28306,0.9969269,-2.9512627
2013-07-18T11-15-16.733  15.175443,1.1502081,-2.6830206
2013-07-18T11-15-16.740  13.489348,0.84364563,-2.5680597
2013-07-18T11-15-16.760  12.4547,0.65204406,-2.721341
2013-07-18T11-15-16.764  11.918216,0.30716124,-3.3727863
2013-07-18T11-15-16.781  11.879895,-0.11436218,-3.9859114
2013-07-18T11-15-16.783  11.994857,-0.07604187,-3.9475908
2013-07-18T11-15-16.784  12.224778,-0.1526825,-3.4111066
2013-07-18T11-15-16.788  12.186459,-0.34428406,-3.3727863
2013-07-18T11-15-16.817  12.148138,-0.61252624,-3.5260675
2013-07-18T11-15-16.818  11.573333,-1.3022919,-3.6793487
2013-07-18T11-15-16.820  10.960208,-1.685495,-4.100872
2013-07-18T11-15-16.822  10.117161,-1.4172528,-4.4840755
2013-07-18T11-15-16.828  9.389075,-1.2256513,-4.215833
2013-07-18T11-15-16.850  9.389075,-1.07237,-3.717669
2013-07-18T11-15-16.852  9.427396,-1.1490107,-3.7559893
2013-07-18T11-15-16.856  9.96388,-1.4172528,-3.3727863
2013-07-18T11-15-16.861  9.92556,-1.07237,-2.7979815
2013-07-18T11-15-16.883  9.427396,-1.07237,-2.4147785
2013-07-18T11-15-16.886  9.427396,-0.9957294,-2.4530988
2013-07-18T11-15-16.905  8.814271,-1.4172528,-2.223177
2013-07-18T11-15-16.907  8.239466,-1.9920574,-2.1848567
2013-07-18T11-15-16.909  7.0898566,-2.3369403,-1.7633331
2013-07-18T11-15-16.911  5.940247,-2.7584639,-1.0735675
2013-07-18T11-15-16.931  4.3691144,-4.0996747,0.459245
2013-07-18T11-15-16.933  2.5297394,-4.367917,1.8770965
2013-07-18T11-15-16.945  1.2268487,-4.6744795,3.2183075
2013-07-18T11-15-16.946  -0.68916684,-5.709128,3.869753
2013-07-18T11-15-16.963  -2.7967842,-6.820417,5.019362
2013-07-18T11-15-16.965  -6.245612,-7.548503,6.590495
2013-07-18T11-15-16.967  -10.690768,-6.973698,9.081315
2013-07-18T11-15-16.982  -14.752722,-5.4408855,12.683425
2013-07-18T11-15-16.984  -17.933308,-4.8660808,16.093933
2013-07-18T11-15-16.999  -19.581081,-3.9080732,18.929636
2013-07-18T11-15-17.001  -19.581081,-0.459245,19.581081
2013-07-18T11-15-17.014  -19.581081,1.4184504,19.581081
2013-07-18T11-15-17.015  -19.581081,1.3034893,19.581081
2013-07-18T11-15-17.027  -19.581081,0.9969269,18.929636
2013-07-18T11-15-17.029  -19.581081,0.19220032,16.707058
2013-07-18T11-15-17.047  -17.856667,-0.459245,14.791042
2013-07-18T11-15-17.048  -15.174245,-0.68916684,12.951667
2013-07-18T11-15-17.065  -12.760065,-0.9574091,11.572136
2013-07-18T11-15-17.066  -10.88237,-0.459245,10.192604
2013-07-18T11-15-17.083  -9.65612,-0.07604187,9.119636
2013-07-18T11-15-17.085  -7.970026,0.61372375,8.276588
2013-07-18T11-15-17.100  -6.0540104,0.26884094,7.740104
2013-07-18T11-15-17.102  -3.3332684,0.8053253,7.548503
2013-07-18T11-15-17.103  0.23052064,-0.07604187,7.012018
2013-07-18T11-15-17.114  4.292474,-0.1910028,6.590495
2013-07-18T11-15-17.117  7.8179426,-0.1526825,6.245612
2013-07-18T11-15-17.132  11.228451,0.53708315,6.207292
2013-07-18T11-15-17.133  15.328724,0.30716124,5.479206
2013-07-18T11-15-17.148  19.084114,-0.30596375,2.4902215
2013-07-18T11-15-17.150  19.543959,-0.07604187,-1.6100519
2013-07-18T11-15-17.165  19.543959,0.26884094,-4.6373568
2013-07-18T11-15-17.167  19.543959,1.1118878,-5.173841
2013-07-18T11-15-17.183  19.543959,0.69036436,-4.828958
2013-07-18T11-15-17.184  19.543959,-0.459245,-4.560716
2013-07-18T11-15-17.200  19.543959,-0.8807684,-6.0168877
2013-07-18T11-15-17.201  19.543959,-2.0686982,-8.622669
2013-07-18T11-15-17.215  19.543959,-2.29862,-12.531341
2013-07-18T11-15-17.216  19.543959,-2.8734248,-15.558645
2013-07-18T11-15-17.233  19.58228,-3.3332684,-18.164427
2013-07-18T11-15-17.234  19.543959,-3.4865496,-18.739231
2013-07-18T11-15-17.251  19.543959,-3.9080732,-18.815872
2013-07-18T11-15-17.252  19.543959,-4.9044013,-17.666264
2013-07-18T11-15-17.255  19.543959,-4.214636,-16.746574
2013-07-18T11-15-17.272  19.543959,-4.78944,-15.980169
2013-07-18T11-15-17.273  19.543959,-5.325925,-14.255755
2013-07-18T11-15-17.278  19.543959,-5.2492843,-11.535013
2013-07-18T11-15-17.286  19.543959,-5.6324873,-9.159153
2013-07-18T11-15-17.301  19.543959,-5.6708074,-7.281458
2013-07-18T11-15-17.303  19.314035,-5.479206,-6.2468095
2013-07-18T11-15-17.320  19.122435,-5.2492843,-6.2468095
2013-07-18T11-15-17.322  18.47099,-5.517526,-6.2084894
2013-07-18T11-15-17.338  17.819544,-4.981042,-6.3617706
2013-07-18T11-15-17.339  17.091457,-4.78944,-6.898255
2013-07-18T11-15-17.358  16.823215,-4.5595183,-6.2468095
2013-07-18T11-15-17.360  15.596966,-5.0576825,-5.748646
2013-07-18T11-15-17.361  13.374388,-5.6324873,-4.828958
2013-07-18T11-15-17.366  10.9985285,-5.364245,-3.8709502
2013-07-18T11-15-17.385  9.005872,-5.0960026,-1.9549347
2013-07-18T11-15-17.386  7.894583,-5.2876043,1.0340496
2013-07-18T11-15-17.402  7.2048173,-5.325925,3.4482293
2013-07-18T11-15-17.403  7.0898566,-5.7857685,5.2109637
2013-07-18T11-15-17.418  6.2084894,-5.6708074,8.084988
2013-07-18T11-15-17.420  4.1775126,-5.364245,11.687097
2013-07-18T11-15-17.422  1.38013,-4.2912765,16.515455
2013-07-18T11-15-17.438  -0.7274872,-3.409909,19.4278
2013-07-18T11-15-17.440  -1.7238153,-2.5285418,19.581081
2013-07-18T11-15-17.455  -1.7238153,-1.7238153,19.581081
2013-07-18T11-15-17.456  -1.3789325,-0.9574091,19.581081
2013-07-18T11-15-17.469  -1.3789325,-0.459245,19.581081
2013-07-18T11-15-17.471  -1.7621356,0.49876282,18.584753
2013-07-18T11-15-17.489  -1.9920574,1.1118878,16.668737
2013-07-18T11-15-17.490  -2.1070185,1.3034893,14.982643
2013-07-18T11-15-17.506  -2.2219794,2.1465364,13.986316
2013-07-18T11-15-17.508  -2.4902215,2.3381379,12.951667
2013-07-18T11-15-17.525  -2.5285418,2.8363018,12.261901
2013-07-18T11-15-17.527  -2.29862,3.2961457,11.495495
2013-07-18T11-15-17.544  -2.0686982,3.5260675,10.920691
2013-07-18T11-15-17.546  -1.7238153,3.5643878,9.924362
2013-07-18T11-15-17.547  -1.6471747,3.9092705,9.426198
2013-07-18T11-15-17.551  -1.8770965,4.4840755,8.659792
2013-07-18T11-15-17.561  -2.3369403,4.599036,7.701784
