2013-07-23T00-08-10.266  -19.197878,16.516653,13.104948
2013-07-23T00-08-10.286  -6.0156903,-8.736432,-7.051536
2013-07-23T00-08-10.288  -5.6324873,-9.234596,-6.0168877
2013-07-23T00-08-10.306  -5.2876043,-9.464519,-5.557044
2013-07-23T00-08-10.307  -4.9427214,-9.886042,-5.8636065
2013-07-23T00-08-10.323  -4.4828777,-10.192604,-6.170169
2013-07-23T00-08-10.325  -4.137995,-10.537487,-8.239466
2013-07-23T00-08-10.347  -3.6781511,-10.997331,-6.898255
2013-07-23T00-08-10.349  -3.026706,-11.418855,-7.51138
2013-07-23T00-08-10.366  -2.6435027,-11.2655735,-7.588021
2013-07-23T00-08-10.368  -1.9154168,-11.840378,-5.1355205
2013-07-23T00-08-10.370  -1.8387762,-12.185261,-5.173841
2013-07-23T00-08-10.372  -1.7621356,-12.223581,-3.7943096
2013-07-23T00-08-10.385  -1.4555731,-12.03198,-1.9549347
2013-07-23T00-08-10.386  -1.3789325,-11.840378,-1.8016534
2013-07-23T00-08-10.397  -0.8041278,-11.457174,-0.19220032
2013-07-23T00-08-10.399  -0.1910028,-11.418855,0.1910028
2013-07-23T00-08-10.400  0.88196594,-10.959011,-0.69036436
2013-07-23T00-08-10.412  2.1848567,-10.844049,-0.15388
2013-07-23T00-08-10.413  3.8709502,-10.690768,-0.23052064
2013-07-23T00-08-10.429  5.173841,-10.767409,0.65084654
2013-07-23T00-08-10.430  6.7449737,-10.652448,2.9883857
2013-07-23T00-08-10.446  9.312435,-10.690768,6.0156903
2013-07-23T00-08-10.447  12.876224,-10.077643,10.729089
2013-07-23T00-08-10.465  16.938177,-9.349558,16.362175
2013-07-23T00-08-10.467  19.543959,-8.084988,19.46612
2013-07-23T00-08-10.478  19.543959,-6.3605733,19.581081
2013-07-23T00-08-10.479  19.543959,-4.9427214,19.581081
2013-07-23T00-08-10.494  19.543959,-4.137995,19.581081
2013-07-23T00-08-10.496  19.543959,-4.252956,19.581081
2013-07-23T00-08-10.511  19.543959,-4.75112,19.581081
2013-07-23T00-08-10.512  19.543959,-4.981042,19.581081
2013-07-23T00-08-10.528  19.543959,-4.597839,19.581081
2013-07-23T00-08-10.529  19.543959,-4.023034,19.581081
2013-07-23T00-08-10.546  19.543959,-3.0650263,19.581081
2013-07-23T00-08-10.547  19.543959,-2.2219794,19.581081
2013-07-23T00-08-10.550  19.543959,-1.5705341,19.581081
2013-07-23T00-08-10.564  19.543959,-0.61252624,19.581081
2013-07-23T00-08-10.566  19.543959,0.03891907,19.581081
2013-07-23T00-08-10.579  19.543959,0.84364563,19.581081
2013-07-23T00-08-10.582  19.543959,0.9969269,19.581081
2013-07-23T00-08-10.596  19.543959,0.30716124,19.581081
2013-07-23T00-08-10.598  19.543959,-0.65084654,19.581081
2013-07-23T00-08-10.613  19.543959,-1.4172528,19.581081
2013-07-23T00-08-10.614  19.543959,-1.7238153,19.581081
2013-07-23T00-08-10.629  19.543959,-2.3752606,19.581081
2013-07-23T00-08-10.631  19.543959,-2.6051824,19.581081
2013-07-23T00-08-10.649  19.543959,-3.026706,19.581081
2013-07-23T00-08-10.650  19.543959,-3.409909,19.581081
2013-07-23T00-08-10.664  19.390676,-4.2912765,19.4278
2013-07-23T00-08-10.665  18.892513,-5.2109637,17.933308
2013-07-23T00-08-10.683  17.551302,-6.9353776,15.6340885
2013-07-23T00-08-10.684  16.286732,-8.928034,13.258229
2013-07-23T00-08-10.706  15.252083,-11.533815,10.575808
2013-07-23T00-08-10.712  13.259427,-13.986316,8.084988
2013-07-23T00-08-10.713  10.385404,-16.898659,6.590495
2013-07-23T00-08-10.714  6.515052,-19.236198,5.862409
2013-07-23T00-08-10.719  2.6830206,-19.581081,5.862409
2013-07-23T00-08-10.743  -0.68916684,-19.581081,6.207292
2013-07-23T00-08-10.744  -2.3752606,-19.581081,6.5138545
2013-07-23T00-08-10.746  -2.8734248,-19.581081,5.4408855
2013-07-23T00-08-10.751  -3.4482293,-19.581081,3.6398308
2013-07-23T00-08-10.769  -3.8314326,-19.581081,1.5322137
2013-07-23T00-08-10.771  -4.8277607,-19.581081,-0.92028624
2013-07-23T00-08-10.785  -6.8970575,-19.581081,-2.2614973
2013-07-23T00-08-10.786  -10.192604,-19.581081,-2.874622
2013-07-23T00-08-10.802  -13.8330345,-19.581081,-3.1045442
2013-07-23T00-08-10.803  -16.860338,-19.581081,-3.449427
2013-07-23T00-08-10.816  -19.159557,-19.581081,-2.7979815
2013-07-23T00-08-10.817  -19.581081,-19.581081,-1.38013
2013-07-23T00-08-10.836  -19.581081,-19.581081,-1.3418097
2013-07-23T00-08-10.837  -19.581081,-19.581081,-1.6866925
2013-07-23T00-08-10.853  -19.581081,-19.581081,-2.5680597
2013-07-23T00-08-10.855  -19.581081,-19.50444,-3.602708
2013-07-23T00-08-10.856  -18.163229,-18.814674,-4.3691144
2013-07-23T00-08-10.870  -15.82569,-17.780025,-4.943919
2013-07-23T00-08-10.872  -13.219909,-16.822018,-4.9055986
2013-07-23T00-08-10.884  -11.188932,-15.74905,-5.05888
2013-07-23T00-08-10.887  -9.73276,-15.404167,-5.1355205
2013-07-23T00-08-10.900  -8.544831,-15.442487,-4.4840755
2013-07-23T00-08-10.903  -8.199948,-14.5227995,-4.100872
2013-07-23T00-08-10.920  -7.586823,-14.331198,-3.5643878
2013-07-23T00-08-10.921  -6.7820964,-14.216237,-3.1045442
2013-07-23T00-08-10.934  -5.747448,-14.216237,-3.1428645
2013-07-23T00-08-10.936  -4.9044013,-13.718073,-3.2578254
2013-07-23T00-08-10.953  -3.409909,-13.679752,-3.717669
2013-07-23T00-08-10.954  -2.3369403,-13.641433,-4.062552
2013-07-23T00-08-10.969  -1.07237,-14.254558,-3.449427
2013-07-23T00-08-10.970  0.4604425,-15.327526,-2.6830206
2013-07-23T00-08-10.987  2.223177,-15.902331,-1.265169
2013-07-23T00-08-10.988  4.6373568,-16.515455,1.5705341
2013-07-23T00-08-11.011  7.8562627,-17.626745,6.1306515
2013-07-23T00-08-11.012  12.033176,-18.584753,12.721745
2013-07-23T00-08-11.013  17.704582,-18.891315,19.236198
2013-07-23T00-08-11.016  19.543959,-18.04827,19.581081
2013-07-23T00-08-11.024  19.543959,-15.480807,19.581081
2013-07-23T00-08-11.036  19.543959,-11.878698,19.581081
2013-07-23T00-08-11.040  19.543959,-9.541159,19.581081
2013-07-23T00-08-11.054  19.543959,-8.966354,19.581081
2013-07-23T00-08-11.056  19.543959,-9.081315,19.581081
2013-07-23T00-08-11.074  19.543959,-8.774753,19.581081
2013-07-23T00-08-11.076  19.543959,-7.816745,19.581081
2013-07-23T00-08-11.088  19.543959,-6.437214,19.581081
2013-07-23T00-08-11.089  19.543959,-5.2492843,19.581081
2013-07-23T00-08-11.104  19.543959,-4.3295965,19.581081
2013-07-23T00-08-11.105  19.543959,-3.7164717,19.581081
2013-07-23T00-08-11.122  19.543959,-3.6015105,19.581081
2013-07-23T00-08-11.124  19.543959,-3.1799872,19.581081
2013-07-23T00-08-11.139  19.543959,-3.294948,19.581081
2013-07-23T00-08-11.140  19.543959,-3.869753,19.581081
2013-07-23T00-08-11.159  19.543959,-5.134323,19.581081
2013-07-23T00-08-11.160  19.543959,-5.7857685,19.581081
2013-07-23T00-08-11.162  19.543959,-6.1689715,19.581081
2013-07-23T00-08-11.175  19.467318,-6.5138545,19.581081
2013-07-23T00-08-11.176  17.704582,-6.973698,19.581081
2013-07-23T00-08-11.191  15.175443,-7.2419405,19.581081
2013-07-23T00-08-11.192  12.914544,-7.3952217,19.581081
2013-07-23T00-08-11.208  11.573333,-7.6634636,19.581081
2013-07-23T00-08-11.209  10.193802,-8.889713,19.581081
2013-07-23T00-08-11.224  9.120833,-9.196277,19.581081
2013-07-23T00-08-11.225  8.0861845,-9.924362,19.50444
2013-07-23T00-08-11.242  6.859935,-11.878698,19.121237
2013-07-23T00-08-11.243  4.790638,-13.641433,18.04827
2013-07-23T00-08-11.264  3.0662239,-16.017292,17.01362
2013-07-23T00-08-11.265  -0.03772156,-18.23987,16.630417
2013-07-23T00-08-11.267  -3.1799872,-19.581081,15.365847
2013-07-23T00-08-11.273  -4.6744795,-19.581081,15.135924
2013-07-23T00-08-11.295  -5.4408855,-19.581081,14.292878
2013-07-23T00-08-11.297  -5.325925,-19.50444,12.10862
2013-07-23T00-08-11.316  -4.78944,-19.121237,9.042995
2013-07-23T00-08-11.317  -4.3295965,-18.39315,5.747448
2013-07-23T00-08-11.319  -4.252956,-17.281862,3.026706
2013-07-23T00-08-11.321  -4.252956,-15.940651,1.3406122
2013-07-23T00-08-11.329  -4.0996747,-14.216237,0.30596375
2013-07-23T00-08-11.344  -4.0996747,-12.568463,-1.1885284
2013-07-23T00-08-11.345  -3.754792,-10.460847,-2.0315752
2013-07-23T00-08-11.361  -3.4865496,-8.583151,-2.4530988
2013-07-23T00-08-11.363  -2.413581,-7.012018,-3.602708
2013-07-23T00-08-11.381  -2.0686982,-6.973698,-6.131849
2013-07-23T00-08-11.383  -2.29862,-6.207292,-10.347083
2013-07-23T00-08-11.402  -2.681823,-5.364245,-14.294075
2013-07-23T00-08-11.403  -2.9500654,-4.9427214,-17.819544
2013-07-23T00-08-11.416  -3.5631902,-4.137995,-19.084114
2013-07-23T00-08-11.417  -4.3295965,-3.141667,-19.390676
2013-07-23T00-08-11.418  -5.2876043,-2.1070185,-18.58595
2013-07-23T00-08-11.425  -6.1306515,-1.6471747,-18.70091
2013-07-23T00-08-11.451  -6.7820964,-1.8387762,-17.704582
2013-07-23T00-08-11.453  -7.356901,-2.413581,-17.43634
2013-07-23T00-08-11.454  -7.1653,-3.141667,-16.478333
2013-07-23T00-08-11.458  -6.6671357,-4.5211983,-15.788568
2013-07-23T00-08-11.467  -6.5138545,-6.0156903,-14.9072
2013-07-23T00-08-11.485  -6.7820964,-7.012018,-14.94552
2013-07-23T00-08-11.486  -7.2802606,-8.42987,-15.711926
2013-07-23T00-08-11.490  -7.7784247,-9.464519,-15.980169
2013-07-23T00-08-11.498  -8.046667,-11.457174,-14.983841
2013-07-23T00-08-11.521  -8.736432,-12.453503,-12.914544
2013-07-23T00-08-11.530  -9.73276,-12.836706,-10.270443
2013-07-23T00-08-11.532  -9.311237,-13.219909,-7.8179426
2013-07-23T00-08-11.534  -8.238269,-14.714401,-6.170169
2013-07-23T00-08-11.548  -4.7127995,-15.557448,-5.05888
2013-07-23T00-08-11.549  -1.187331,-15.78737,-4.790638
2013-07-23T00-08-11.571  2.223177,-15.864011,-4.7523174
2013-07-23T00-08-11.572  5.2888017,-15.212565,-5.02056
2013-07-23T00-08-11.574  7.3197784,-14.139597,-5.3654423
2013-07-23T00-08-11.578  9.427396,-13.909675,-5.7103252
2013-07-23T00-08-11.600  11.611653,-13.756393,-5.0972004
2013-07-23T00-08-11.604  13.987513,-13.29655,-3.0279036
2013-07-23T00-08-11.621  17.129778,-12.568463,0.8424481
2013-07-23T00-08-11.625  19.543959,-11.380534,6.092331
2013-07-23T00-08-11.627  19.543959,-9.502839,11.035651
2013-07-23T00-08-11.629  19.543959,-7.1653,15.250886
2013-07-23T00-08-11.635  19.543959,-5.0576825,18.661394
2013-07-23T00-08-11.650  19.543959,-2.9883857,19.581081
2013-07-23T00-08-11.652  19.543959,-1.9537371,19.581081
2013-07-23T00-08-11.665  19.543959,-2.8351045,19.581081
2013-07-23T00-08-11.667  19.543959,-5.4025655,19.581081
2013-07-23T00-08-11.681  19.543959,-7.931706,19.581081
2013-07-23T00-08-11.683  19.505638,-10.614128,19.581081
2013-07-23T00-08-11.699  14.86888,-12.300221,19.581081
2013-07-23T00-08-11.700  7.971224,-12.913346,19.581081
2013-07-23T00-08-11.716  3.1811848,-12.760065,19.581081
2013-07-23T00-08-11.717  0.34548157,-14.062956,19.581081
2013-07-23T00-08-11.738  -1.6088544,-15.71073,19.581081
2013-07-23T00-08-11.740  -4.597839,-17.358503,19.581081
2013-07-23T00-08-11.751  -8.42987,-17.320183,19.581081
2013-07-23T00-08-11.753  -12.606784,-17.818346,19.581081
2013-07-23T00-08-11.766  -16.707058,-18.354832,19.581081
2013-07-23T00-08-11.768  -19.50444,-17.971628,19.581081
2013-07-23T00-08-11.771  -19.581081,-16.93698,19.581081
2013-07-23T00-08-11.786  -19.581081,-16.630417,19.581081
2013-07-23T00-08-11.789  -19.581081,-15.78737,19.581081
2013-07-23T00-08-11.801  -19.581081,-14.56112,19.274519
2013-07-23T00-08-11.803  -18.814674,-13.219909,15.250886
2013-07-23T00-08-11.819  -16.285534,-12.300221,11.342214
2013-07-23T00-08-11.820  -12.261901,-11.188932,9.272917
2013-07-23T00-08-11.837  -11.457174,-6.3988934,6.475534
2013-07-23T00-08-11.839  -19.389479,15.290403,7.3952217
2013-07-23T00-08-11.854  -4.9427214,15.558645,13.8330345
2013-07-23T00-08-11.855  13.451029,-14.216237,14.407839
2013-07-23T00-08-11.871  12.722942,-19.351158,10.614128
2013-07-23T00-08-11.872  6.131849,-10.652448,1.3406122
2013-07-23T00-08-11.890  4.6373568,-8.123307,-7.281458
2013-07-23T00-08-11.892  5.327122,-13.33487,-10.921887
2013-07-23T00-08-11.908  6.438411,-17.780025,-11.381732
2013-07-23T00-08-11.909  7.741302,-17.971628,-9.274115
2013-07-23T00-08-11.910  10.117161,-16.400496,-4.2541533
2013-07-23T00-08-11.915  13.297748,-17.090261,1.07237
2013-07-23T00-08-11.923  17.39802,-18.354832,6.0156903
2013-07-23T00-08-11.944  19.505638,-18.009949,8.506511
2013-07-23T00-08-11.945  19.543959,-17.396824,9.004675
2013-07-23T00-08-11.947  19.543959,-18.508112,8.851394
2013-07-23T00-08-11.955  19.543959,-19.4278,9.502839
2013-07-23T00-08-11.969  19.543959,-19.581081,11.112292
2013-07-23T00-08-11.972  19.543959,-19.236198,12.568463
2013-07-23T00-08-11.992  19.543959,-18.163229,14.982643
2013-07-23T00-08-11.993  19.543959,-16.400496,16.707058
2013-07-23T00-08-12.007  19.543959,-13.37319,16.898659
2013-07-23T00-08-12.009  19.543959,-10.614128,15.519128
2013-07-23T00-08-12.025  19.543959,-10.959011,14.254558
2013-07-23T00-08-12.027  19.543959,-12.415182,12.14694
2013-07-23T00-08-12.042  19.543959,-13.679752,9.196277
2013-07-23T00-08-12.044  19.543959,-16.170572,7.4718623
2013-07-23T00-08-12.055  19.543959,-18.508112,6.6671357
2013-07-23T00-08-12.056  19.543959,-19.351158,6.6671357
2013-07-23T00-08-12.070  19.543959,-19.082916,6.1689715
2013-07-23T00-08-12.071  19.543959,-19.54276,4.8660808
2013-07-23T00-08-12.076  19.543959,-19.581081,3.2183075
2013-07-23T00-08-12.089  19.543959,-19.581081,0.07604187
2013-07-23T00-08-12.092  18.50931,-10.997331,-5.5953646
2013-07-23T00-08-12.111  15.980169,12.914544,1.9154168
2013-07-23T00-08-12.112  19.543959,-9.847721,-5.2504816
2013-07-23T00-08-12.116  19.543959,-19.581081,-3.4877472
2013-07-23T00-08-12.124  18.394348,-19.581081,-4.7139974
2013-07-23T00-08-12.145  6.9365754,-19.581081,-0.61372375
2013-07-23T00-08-12.146  -8.544831,-19.581081,8.506511
2013-07-23T00-08-12.148  -17.05194,-19.581081,17.665066
2013-07-23T00-08-12.156  -19.121237,-19.581081,19.581081
2013-07-23T00-08-12.173  -18.04827,-19.581081,19.581081
2013-07-23T00-08-12.174  -15.097605,-19.581081,16.592096
2013-07-23T00-08-12.194  -12.568463,-19.581081,15.365847
2013-07-23T00-08-12.197  -10.997331,-19.581081,19.581081
2013-07-23T00-08-12.210  -10.997331,-19.581081,19.581081
2013-07-23T00-08-12.212  -13.181589,-19.581081,19.581081
2013-07-23T00-08-12.225  -17.243542,-19.581081,19.581081
2013-07-23T00-08-12.227  -19.54276,-19.581081,19.581081
2013-07-23T00-08-12.229  -18.929636,-19.581081,19.581081
2013-07-23T00-08-12.246  -16.553776,-19.31284,19.581081
2013-07-23T00-08-12.247  -14.369518,-17.320183,19.54276
2013-07-23T00-08-12.260  -12.568463,-13.33487,14.829362
2013-07-23T00-08-12.262  -9.8094015,-9.541159,12.798386
2013-07-23T00-08-12.277  -7.8550653,-6.1689715,10.269245
2013-07-23T00-08-12.278  -6.1306515,-4.0996747,10.115964
2013-07-23T00-08-12.294  -4.252956,-2.4902215,9.847721
2013-07-23T00-08-12.295  -2.7584639,-1.0340496,9.541159
2013-07-23T00-08-12.314  -1.9154168,0.34548157,9.69444
2013-07-23T00-08-12.315  -1.187331,1.2268487,9.349558
2013-07-23T00-08-12.328  -0.8424481,1.5717316,8.659792
2013-07-23T00-08-12.329  -0.7274872,1.8399738,7.586823
2013-07-23T00-08-12.348  -1.3406122,1.495091,6.628815
2013-07-23T00-08-12.350  -1.8770965,1.7633331,6.3605733
2013-07-23T00-08-12.361  -1.6471747,3.2578254,6.0156903
2013-07-23T00-08-12.363  -2.413581,3.6410284,4.8660808
