2013-07-18T14-28-16.862  2.4147785,10.270443,-18.70091
2013-07-18T14-28-16.864  7.741302,9.848919,19.581081
2013-07-18T14-28-16.867  5.02056,7.588021,19.581081
2013-07-18T14-28-16.890  2.223177,5.1355205,18.929636
2013-07-18T14-28-16.892  0.11555969,2.6830206,16.132254
2013-07-18T14-28-16.893  -1.7238153,5.987549E-4,12.683425
2013-07-18T14-28-16.899  -3.1033466,-2.183659,9.847721
2013-07-18T14-28-16.917  -4.4828777,-4.1763153,8.008347
2013-07-18T14-28-16.918  -5.5941668,-6.0540104,5.325925
2013-07-18T14-28-16.938  -6.0156903,-7.5101824,7.20362
2013-07-18T14-28-16.940  -6.437214,-8.736432,6.3605733
2013-07-18T14-28-16.958  -6.1689715,-9.924362,5.479206
2013-07-18T14-28-16.960  -5.5941668,-11.073972,6.6671357
2013-07-18T14-28-16.961  -5.0960026,-11.763737,4.7127995
2013-07-18T14-28-16.963  -4.252956,-12.0703,4.061354
2013-07-18T14-28-16.993  -3.52487,-12.376863,3.9080732
2013-07-18T14-28-16.994  -3.2183075,-11.9553385,1.9537371
2013-07-18T14-28-16.996  -3.0650263,-11.495495,0.9574091
2013-07-18T14-28-16.997  -2.566862,-10.805729,-0.84364563
2013-07-18T14-28-17.004  -2.183659,-9.924362,-3.4877472
2013-07-18T14-28-17.023  -1.4938934,-8.966354,-4.1391926
2013-07-18T14-28-17.024  -1.2639716,-8.659792,-4.9055986
2013-07-18T14-28-17.028  -1.1490107,-8.199948,-4.8672786
2013-07-18T14-28-17.035  -0.9574091,-7.548503,-3.9475908
2013-07-18T14-28-17.054  -1.1106904,-6.858737,-2.989583
2013-07-18T14-28-17.057  -1.1106904,-6.3222528,-1.7250128
2013-07-18T14-28-17.073  -0.65084654,-5.6324873,-0.15388
2013-07-18T14-28-17.074  1.0735675,-3.9463935,0.4209247
2013-07-18T14-28-17.075  3.0662239,-2.413581,0.8807684
2013-07-18T14-28-17.083  6.2468095,0.15388,1.6471747
2013-07-18T14-28-17.104  9.312435,2.4530988,2.911745
2013-07-18T14-28-17.106  12.263099,5.05888,3.3715887
2013-07-18T14-28-17.121  14.332396,7.4730597,4.597839
2013-07-18T14-28-17.123  16.593294,9.5423565,5.4408855
2013-07-18T14-28-17.145  18.66259,12.071497,6.437214
2013-07-18T14-28-17.147  19.543959,14.332396,6.820417
2013-07-18T14-28-17.148  19.543959,16.708256,7.012018
2013-07-18T14-28-17.150  19.543959,19.314035,7.548503
2013-07-18T14-28-17.156  19.543959,19.543959,7.3952217
2013-07-18T14-28-17.170  19.543959,19.543959,8.046667
2013-07-18T14-28-17.172  19.543959,19.543959,9.502839
2013-07-18T14-28-17.187  19.543959,19.543959,11.2655735
2013-07-18T14-28-17.188  19.543959,19.543959,14.676081
2013-07-18T14-28-17.206  19.543959,19.543959,16.783699
2013-07-18T14-28-17.208  19.543959,18.815872,19.274519
2013-07-18T14-28-17.222  19.543959,17.206419,19.581081
2013-07-18T14-28-17.223  19.467318,14.562318,19.581081
2013-07-18T14-28-17.239  17.896185,12.761263,19.581081
2013-07-18T14-28-17.240  15.558645,10.960208,19.581081
2013-07-18T14-28-17.255  14.064154,9.082513,19.581081
2013-07-18T14-28-17.256  12.33974,7.013216,19.274519
2013-07-18T14-28-17.274  10.845247,4.9055986,17.741707
2013-07-18T14-28-17.275  9.427396,2.7596612,15.250886
2013-07-18T14-28-17.288  8.469388,-0.30596375,12.338542
2013-07-18T14-28-17.289  7.51138,-2.7584639,9.196277
2013-07-18T14-28-17.292  5.901927,-4.8660808,6.3988934
2013-07-18T14-28-17.305  4.445755,-7.318581,3.754792
2013-07-18T14-28-17.308  2.223177,-9.771081,2.2602997
2013-07-18T14-28-17.324  -0.22932312,-11.380534,1.3789325
2013-07-18T14-28-17.325  -2.8351045,-12.645104,1.6088544
2013-07-18T14-28-17.341  -4.78944,-13.909675,2.29862
2013-07-18T14-28-17.342  -6.0540104,-14.944324,3.0650263
2013-07-18T14-28-17.359  -7.548503,-15.78737,3.4865496
2013-07-18T14-28-17.360  -8.276588,-15.82569,3.4482293
2013-07-18T14-28-17.381  -8.583151,-15.864011,3.7164717
2013-07-18T14-28-17.382  -8.621471,-15.174245,4.023034
2013-07-18T14-28-17.409  -8.813073,-14.254558,4.367917
2013-07-18T14-28-17.410  -7.20362,-12.951667,4.9044013
2013-07-18T14-28-17.410  -9.157956,-12.721745,4.137995
2013-07-18T14-28-17.412  -8.46819,-11.572136,4.78944
2013-07-18T14-28-17.424  -8.42987,-10.920691,4.8660808
2013-07-18T14-28-17.425  -8.123307,-9.502839,4.7127995
2013-07-18T14-28-17.443  -6.7820964,-7.6634636,4.8277607
2013-07-18T14-28-17.444  -5.2876043,-5.8240886,4.9427214
2013-07-18T14-28-17.446  -2.8351045,-3.6781511,5.0576825
2013-07-18T14-28-17.458  0.38380188,-0.459245,4.75112
2013-07-18T14-28-17.461  4.560716,4.2541533,4.4828777
2013-07-18T14-28-17.474  9.504036,8.699309,4.6744795
2013-07-18T14-28-17.477  15.137122,14.255755,5.8240886
2013-07-18T14-28-17.493  19.505638,18.70091,7.931706
2013-07-18T14-28-17.494  19.543959,19.543959,10.192604
2013-07-18T14-28-17.508  19.543959,19.543959,11.9553385
2013-07-18T14-28-17.509  19.543959,19.543959,13.028308
2013-07-18T14-28-17.527  19.543959,19.543959,12.989987
2013-07-18T14-28-17.529  19.543959,19.543959,13.143269
2013-07-18T14-28-17.544  19.543959,19.543959,13.143269
2013-07-18T14-28-17.545  19.543959,19.543959,12.606784
2013-07-18T14-28-17.558  19.543959,19.428997,11.9553385
2013-07-18T14-28-17.560  19.543959,17.704582,10.422526
2013-07-18T14-28-17.580  19.543959,14.792239,8.544831
2013-07-18T14-28-17.582  18.241068,12.531341,6.437214
2013-07-18T14-28-17.594  15.903528,10.155481,3.9847138
2013-07-18T14-28-17.595  13.910872,7.6646614,1.9920574
2013-07-18T14-28-17.598  12.186459,6.2084894,-0.767005
2013-07-18T14-28-17.612  10.0022,2.0698957,-0.42212218
2013-07-18T14-28-17.613  7.8562627,1.1118878,-1.8016534
2013-07-18T14-28-17.626  5.672005,-0.9957294,-0.19220032
2013-07-18T14-28-17.629  3.602708,-2.9500654,0.4975653
2013-07-18T14-28-17.646  1.6866925,-3.869753,0.8041278
2013-07-18T14-28-17.647  0.30716124,-4.5211983,0.9190887
2013-07-18T14-28-17.660  -1.2256513,-4.75112,0.34428406
2013-07-18T14-28-17.661  -2.681823,-4.8660808,-1.1885284
2013-07-18T14-28-17.679  -3.409909,-4.0996747,-3.334466
2013-07-18T14-28-17.680  -4.023034,-4.1763153,-5.0972004
2013-07-18T14-28-17.695  -4.1763153,-4.78944,-6.055208
2013-07-18T14-28-17.696  -4.981042,-5.019362,-6.7449737
2013-07-18T14-28-17.714  -4.9427214,-5.1726437,-5.901927
2013-07-18T14-28-17.716  -3.2566278,-6.5521746,-4.6373568
2013-07-18T14-28-17.730  -0.38260436,-6.0156903,-2.7979815
2013-07-18T14-28-17.731  4.9822392,-4.4445577,0.11436218
2013-07-18T14-28-17.746  10.232122,-1.8004559,3.7164717
2013-07-18T14-28-17.747  14.255755,0.26884094,7.0886593
2013-07-18T14-28-17.750  16.248411,0.84364563,9.464519
2013-07-18T14-28-17.765  16.440012,1.5717316,11.380534
2013-07-18T14-28-17.766  17.819544,0.9969269,11.188932
2013-07-18T14-28-17.779  19.084114,1.6866925,10.690768
2013-07-18T14-28-17.782  19.199076,2.6447003,10.537487
2013-07-18T14-28-17.796  19.122435,3.717669,11.457174
2013-07-18T14-28-17.798  17.589622,4.4840755,12.951667
2013-07-18T14-28-17.815  14.86888,4.675677,14.139597
2013-07-18T14-28-17.816  11.879895,4.790638,14.63776
2013-07-18T14-28-17.836  9.312435,5.0972004,14.407839
2013-07-18T14-28-17.838  6.630013,4.4840755,14.829362
2013-07-18T14-28-17.853  4.675677,5.0972004,15.174245
2013-07-18T14-28-17.854  3.0279036,4.943919,15.020964
2013-07-18T14-28-17.871  2.2998176,4.9055986,13.526471
2013-07-18T14-28-17.872  1.8782941,5.02056,12.376863
2013-07-18T14-28-17.873  2.0698957,5.1355205,11.035651
2013-07-18T14-28-17.878  2.108216,5.173841,9.65612
2013-07-18T14-28-17.899  2.5680597,4.9055986,8.851394
2013-07-18T14-28-17.900  2.6830206,4.2541533,7.6251435
2013-07-18T14-28-17.904  2.4530988,3.6793487,6.5521746
