2013-07-18T09-08-48.735  -14.676081,-16.208893,-0.69036436
2013-07-18T09-08-48.739  -9.196277,-7.433542,-7.4347396
2013-07-18T09-08-48.746  -8.084988,-7.20362,-8.77595
2013-07-18T09-08-48.765  -7.20362,-7.586823,-10.615325
2013-07-18T09-08-48.767  -6.820417,-7.4718623,-11.649974
2013-07-18T09-08-48.786  -6.0540104,-7.1653,-12.684622
2013-07-18T09-08-48.788  -5.134323,-7.740104,-12.301419
2013-07-18T09-08-48.790  -3.8314326,-7.433542,-11.918216
2013-07-18T09-08-48.794  -1.2256513,-7.0886593,-14.485677
2013-07-18T09-08-48.814  2.7596612,-7.5101824,-13.5659895
2013-07-18T09-08-48.817  7.051536,-7.0503387,-15.443685
2013-07-18T09-08-48.837  10.9985285,-6.207292,-16.976498
2013-07-18T09-08-48.838  15.673607,-4.78944,-16.325052
2013-07-18T09-08-48.840  19.237396,-3.4865496,-18.356028
2013-07-18T09-08-48.842  19.543959,-2.911745,-19.160755
2013-07-18T09-08-48.851  19.543959,-4.137995,-19.543959
2013-07-18T09-08-48.865  19.543959,-4.5211983,-19.543959
2013-07-18T09-08-48.867  19.543959,-2.0303779,-19.543959
2013-07-18T09-08-48.881  19.543959,-0.9190887,-18.164427
2013-07-18T09-08-48.883  19.543959,0.4604425,-12.684622
2013-07-18T09-08-48.896  19.543959,1.993255,-4.9822392
2013-07-18T09-08-48.898  19.543959,3.2578254,0.9574091
2013-07-18T09-08-48.913  19.543959,3.2961457,6.1306515
2013-07-18T09-08-48.915  19.543959,3.5260675,11.687097
2013-07-18T09-08-48.934  19.543959,5.02056,16.400496
2013-07-18T09-08-48.936  19.543959,6.400091,19.46612
2013-07-18T09-08-48.952  19.314035,7.0898566,19.581081
2013-07-18T09-08-48.954  15.328724,7.1281767,19.581081
2013-07-18T09-08-48.968  10.078841,7.358099,19.581081
2013-07-18T09-08-48.971  5.3654423,6.630013,19.581081
2013-07-18T09-08-48.985  0.61372375,6.7449737,19.581081
2013-07-18T09-08-48.988  -2.6435027,8.890911,19.389479
2013-07-18T09-08-49.003  -4.0996747,7.358099,16.822018
2013-07-18T09-08-49.005  -4.6744795,4.4074345,11.687097
2013-07-18T09-08-49.006  -5.6324873,2.7979815,5.97737
2013-07-18T09-08-49.020  -6.3988934,2.5297394,0.4975653
2013-07-18T09-08-49.022  -5.6324873,1.5334113,-3.4111066
2013-07-18T09-08-49.035  -4.214636,0.03891907,-5.901927
2013-07-18T09-08-49.036  -2.6051824,-0.34428406,-7.1281767
2013-07-18T09-08-49.050  -1.07237,-0.26764342,-8.316107
2013-07-18T09-08-49.051  0.38380188,-0.03772156,-9.044192
2013-07-18T09-08-49.069  2.0315752,0.23052064,-10.6536455
2013-07-18T09-08-49.070  3.4111066,-0.26764342,-14.409037
2013-07-18T09-08-49.085  4.675677,-0.9574091,-18.854193
2013-07-18T09-08-49.087  6.7066536,-2.5285418,-19.543959
2013-07-18T09-08-49.102  7.8562627,-4.4828777,-19.543959
2013-07-18T09-08-49.103  7.8562627,-5.2876043,-19.543959
2013-07-18T09-08-49.117  7.5497003,-5.5941668,-19.543959
2013-07-18T09-08-49.118  6.8216143,-4.981042,-19.543959
2013-07-18T09-08-49.136  6.630013,-4.214636,-19.543959
2013-07-18T09-08-49.138  6.476732,-3.6015105,-19.543959
2013-07-18T09-08-49.151  6.9748955,-2.911745,-18.66259
2013-07-18T09-08-49.153  6.9748955,-1.9537371,-15.443685
2013-07-18T09-08-49.155  7.779622,-1.7238153,-14.409037
2013-07-18T09-08-49.170  8.469388,-2.4519012,-14.179114
2013-07-18T09-08-49.172  9.504036,-2.413581,-13.795911
2013-07-18T09-08-49.185  10.615325,-2.7967842,-12.33974
2013-07-18T09-08-49.187  11.764935,-2.681823,-8.967552
2013-07-18T09-08-49.209  11.688294,-2.1453388,-3.334466
2013-07-18T09-08-49.210  11.726614,-0.11436218,1.4555731
2013-07-18T09-08-49.211  11.688294,1.1885284,6.475534
2013-07-18T09-08-49.219  11.15181,1.8016534,10.192604
2013-07-18T09-08-49.242  9.810598,3.0662239,12.721745
2013-07-18T09-08-49.243  8.009544,3.6410284,13.603112
2013-07-18T09-08-49.258  4.8672786,4.100872,14.599441
2013-07-18T09-08-49.260  0.8053253,4.675677,14.331198
2013-07-18T09-08-49.276  -3.026706,4.5223956,14.5227995
2013-07-18T09-08-49.277  -5.6324873,4.292474,13.909675
2013-07-18T09-08-49.278  -8.084988,3.4877472,12.185261
2013-07-18T09-08-49.284  -10.384206,2.5680597,10.384206
2013-07-18T09-08-49.304  -10.88237,1.6866925,8.6981125
2013-07-18T09-08-49.305  -10.1542845,-0.1910028,7.318581
2013-07-18T09-08-49.308  -8.314909,-0.68916684,6.3605733
2013-07-18T09-08-49.324  -5.8240886,-0.7274872,3.294948
2013-07-18T09-08-49.326  -3.409909,-2.29862,-1.0735675
2013-07-18T09-08-49.344  0.07723938,-2.8734248,-4.675677
2013-07-18T09-08-49.345  4.5223956,-1.685495,-6.515052
2013-07-18T09-08-49.357  9.274115,-1.1490107,-7.741302
2013-07-18T09-08-49.358  14.140794,-1.8387762,-11.113489
2013-07-18T09-08-49.380  18.049465,-1.6471747,-13.336067
2013-07-18T09-08-49.381  19.543959,-1.1106904,-14.9072
2013-07-18T09-08-49.392  19.543959,-0.26764342,-14.983841
2013-07-18T09-08-49.394  19.543959,0.53708315,-14.562318
2013-07-18T09-08-49.409  19.543959,1.3034893,-13.795911
2013-07-18T09-08-49.410  19.543959,0.88196594,-13.5659895
2013-07-18T09-08-49.424  19.543959,-0.4209247,-13.757591
2013-07-18T09-08-49.426  19.58228,-1.5322137,-14.332396
2013-07-18T09-08-49.445  19.543959,-1.9537371,-13.527669
2013-07-18T09-08-49.446  19.543959,-2.0686982,-10.845247
2013-07-18T09-08-49.462  19.543959,-1.5705341,-7.2048173
2013-07-18T09-08-49.463  19.543959,-0.7274872,-3.9092705
2013-07-18T09-08-49.464  19.505638,-0.26764342,-1.8399738
2013-07-18T09-08-49.475  18.241068,-1.1106904,-0.4604425
2013-07-18T09-08-49.481  14.753919,-4.4445577,-5.987549E-4
2013-07-18T09-08-49.494  8.546028,-5.8240886,0.1910028
2013-07-18T09-08-49.498  0.69036436,-5.6708074,0.4209247
2013-07-18T09-08-49.518  -8.889713,-3.4865496,1.3789325
2013-07-18T09-08-49.524  -17.435143,1.4567707,3.869753
2013-07-18T09-08-49.544  -19.581081,6.438411,7.3952217
2013-07-18T09-08-49.547  -19.581081,6.898255,9.541159
2013-07-18T09-08-49.549  -19.581081,5.173841,9.004675
2013-07-18T09-08-49.550  -17.358503,4.445755,7.2802606
2013-07-18T09-08-49.568  -11.802057,2.60638,4.9427214
2013-07-18T09-08-49.569  -8.008347,-0.03772156,1.8770965
2013-07-18T09-08-49.582  -6.3222528,-1.5322137,-3.0662239
2013-07-18T09-08-49.583  -4.4445577,-1.4555731,-6.2084894
2013-07-18T09-08-49.584  -0.53588563,-1.5322137,-7.358099
2013-07-18T09-08-49.589  3.0279036,-1.4172528,-8.431067
2013-07-18T09-08-49.598  6.9365754,-1.3022919,-9.082513
2013-07-18T09-08-49.618  11.803255,-0.8424481,-10.845247
2013-07-18T09-08-49.619  17.39802,-0.8041278,-13.144466
2013-07-18T09-08-49.621  19.543959,-0.8807684,-15.520326
2013-07-18T09-08-49.629  19.543959,-0.30596375,-17.39802
2013-07-18T09-08-49.643  19.543959,0.38380188,-18.66259
2013-07-18T09-08-49.645  19.543959,-0.9957294,-18.126106
2013-07-18T09-08-49.664  19.543959,-2.183659,-16.899857
2013-07-18T09-08-49.667  19.543959,-1.8004559,-15.443685
2013-07-18T09-08-49.682  19.543959,-2.8351045,-13.64263
2013-07-18T09-08-49.683  19.007473,-4.5211983,-10.960208
2013-07-18T09-08-49.699  15.941849,-3.4865496,-8.124505
2013-07-18T09-08-49.701  12.799583,-1.7621356,-4.8672786
2013-07-18T09-08-49.717  10.691966,-0.1910028,-1.8016534
2013-07-18T09-08-49.718  8.546028,0.26884094,0.8807684
2013-07-18T09-08-49.736  6.515052,0.72868466,3.3715887
2013-07-18T09-08-49.736  3.6410284,1.3418097,6.2839327
2013-07-18T09-08-49.737  -0.38260436,2.0698957,9.502839
2013-07-18T09-08-49.741  -5.5941668,3.602708,12.185261
2013-07-18T09-08-49.751  -11.073972,4.828958,13.986316
2013-07-18T09-08-49.767  -15.9789715,6.400091,14.407839
2013-07-18T09-08-49.769  -19.006277,7.4347396,13.871354
2013-07-18T09-08-49.785  -18.699715,4.6373568,12.951667
2013-07-18T09-08-49.786  -16.247213,1.7250128,9.65612
2013-07-18T09-08-49.805  -12.798386,0.767005,5.019362
2013-07-18T09-08-49.806  -9.272917,-0.7658075,0.11436218
2013-07-18T09-08-49.807  -5.4025655,-3.754792,-4.330794
2013-07-18T09-08-49.813  -0.53588563,-4.5211983,-7.779622
2013-07-18T09-08-49.832  6.476732,-4.1763153,-10.308763
2013-07-18T09-08-49.833  12.722942,-4.78944,-12.301419
2013-07-18T09-08-49.852  18.70091,-5.0960026,-14.447356
2013-07-18T09-08-49.854  19.543959,-3.8314326,-17.206419
2013-07-18T09-08-49.855  19.543959,-2.9883857,-19.237396
2013-07-18T09-08-49.861  19.543959,-2.2219794,-19.543959
2013-07-18T09-08-49.882  19.543959,-2.7967842,-19.543959
2013-07-18T09-08-49.884  19.543959,-6.245612,-19.543959
2013-07-18T09-08-49.906  19.543959,-7.1653,-19.543959
2013-07-18T09-08-49.908  19.543959,-8.659792,-19.543959
2013-07-18T09-08-49.921  19.543959,-9.771081,-18.854193
2013-07-18T09-08-49.923  18.930834,-9.8094015,-15.290403
2013-07-18T09-08-49.925  13.910872,-8.42987,-9.848919
2013-07-18T09-08-49.926  8.622669,-6.3605733,-4.828958
2013-07-18T09-08-49.934  4.445755,-2.9500654,-0.49876282
2013-07-18T09-08-49.948  2.4147785,-1.9537371,2.8734248
2013-07-18T09-08-49.950  0.84364563,-2.4519012,4.597839
2013-07-18T09-08-49.968  -2.2219794,-3.3332684,5.0960026
2013-07-18T09-08-49.970  -6.7437763,-0.68916684,5.8240886
2013-07-18T09-08-49.983  -10.959011,1.4184504,8.008347
2013-07-18T09-08-49.984  -14.982643,2.4530988,13.143269
2013-07-18T09-08-49.999  -18.584753,5.1355205,17.665066
2013-07-18T09-08-50.000  -18.623074,5.8636065,19.581081
2013-07-18T09-08-50.016  -15.672409,5.1355205,19.197878
2013-07-18T09-08-50.017  -11.418855,3.5260675,14.982643
2013-07-18T09-08-50.035  -5.364245,1.8016534,8.774753
2013-07-18T09-08-50.036  1.7250128,0.65204406,1.4555731
2013-07-18T09-08-50.053  8.239466,-1.2256513,-4.9055986
2013-07-18T09-08-50.055  12.224778,-1.5322137,-8.852591
2013-07-18T09-08-50.056  14.600637,-0.9190887,-10.806927
2013-07-18T09-08-50.072  16.593294,-0.4975653,-11.075169
2013-07-18T09-08-50.073  18.47099,-0.4975653,-10.270443
2013-07-18T09-08-50.078  19.543959,-0.03772156,-8.392747
2013-07-18T09-08-50.086  19.543959,0.53708315,-7.4730597
2013-07-18T09-08-50.099  19.543959,0.42212218,-8.124505
2013-07-18T09-08-50.103  19.543959,-0.68916684,-8.392747
2013-07-18T09-08-50.121  19.543959,-1.5322137,-8.009544
2013-07-18T09-08-50.122  19.543959,-1.7621356,-7.3197784
2013-07-18T09-08-50.136  19.58228,-2.183659,-5.4420834
2013-07-18T09-08-50.138  19.505638,-2.2219794,-3.602708
2013-07-18T09-08-50.151  17.206419,-2.4902215,-2.223177
2013-07-18T09-08-50.153  14.064154,-3.0650263,-2.0698957
2013-07-18T09-08-50.171  10.500364,-2.29862,-1.7633331
2013-07-18T09-08-50.174  7.4730597,-1.7238153,-1.8016534
2013-07-18T09-08-50.192  5.557044,0.30716124,-3.4877472
2013-07-18T09-08-50.193  4.6373568,5.987549E-4,-7.281458
2013-07-18T09-08-50.195  2.9129424,-1.3406122,-9.733958
2013-07-18T09-08-50.199  0.4604425,-0.53588563,-11.611653
2013-07-18T09-08-50.208  -1.9154168,1.6483722,-12.837903
2013-07-18T09-08-50.227  -3.754792,2.6830206,-12.837903
2013-07-18T09-08-50.229  -5.2876043,2.3381379,-11.19013
2013-07-18T09-08-50.231  -7.1269794,3.0662239,-9.350755
2013-07-18T09-08-50.239  -8.583151,4.4074345,-8.584349
2013-07-18T09-08-50.259  -9.502839,4.330794,-8.66099
2013-07-18T09-08-50.260  -10.039323,5.0972004,-8.507709
2013-07-18T09-08-50.279  -8.544831,5.748646,-8.354427
2013-07-18T09-08-50.281  -5.2492843,6.055208,-6.783294
2013-07-18T09-08-50.285  -1.0340496,5.748646,-5.403763
2013-07-18T09-08-50.287  4.4074345,5.4420834,-2.8363018
2013-07-18T09-08-50.315  10.921887,6.515052,-0.88196594
2013-07-18T09-08-50.317  17.28306,7.626341,1.2639716
2013-07-18T09-08-50.319  19.543959,7.6646614,3.3715887
2013-07-18T09-08-50.320  19.543959,7.396419,4.75112
2013-07-18T09-08-50.344  19.543959,7.7029815,5.900729
2013-07-18T09-08-50.346  19.543959,8.124505,6.5521746
2013-07-18T09-08-50.348  18.011147,8.699309,6.7437763
2013-07-18T09-08-50.352  14.83056,8.622669,6.3605733
2013-07-18T09-08-50.360  11.956536,9.350755,5.900729
2013-07-18T09-08-50.382  9.580677,9.465716,5.134323
2013-07-18T09-08-50.384  7.626341,9.082513,3.6781511
2013-07-18T09-08-50.400  5.8252864,8.431067,1.07237
2013-07-18T09-08-50.403  4.3691144,8.0861845,-1.4567707
2013-07-18T09-08-50.422  4.0242314,6.783294,-4.2541533
2013-07-18T09-08-50.424  3.5643878,4.9822392,-7.971224
2013-07-18T09-08-50.443  1.9166144,3.9859114,-12.952865
2013-07-18T09-08-50.444  -0.07604187,2.6447003,-18.854193
2013-07-18T09-08-50.459  -1.685495,-0.459245,-19.543959
2013-07-18T09-08-50.460  -4.4445577,-2.7584639,-19.543959
2013-07-18T09-08-50.464  -7.8933854,-1.6471747,-19.543959
2013-07-18T09-08-50.466  -10.384206,-0.30596375,-19.543959
2013-07-18T09-08-50.479  -10.460847,-1.07237,-19.543959
2013-07-18T09-08-50.481  -9.886042,-2.0686982,-19.543959
2013-07-18T09-08-50.482  -8.583151,-3.3715887,-19.543959
2013-07-18T09-08-50.489  -7.970026,-4.4445577,-19.007473
2013-07-18T09-08-50.512  -6.973698,-5.5558467,-15.328724
2013-07-18T09-08-50.514  -5.325925,-7.2419405,-10.806927
2013-07-18T09-08-50.515  -3.294948,-8.238269,-5.901927
2013-07-18T09-08-50.531  -1.7238153,-8.161628,-2.3764582
2013-07-18T09-08-50.533  -0.8807684,-8.3532295,1.4938934
2013-07-18T09-08-50.536  -0.9574091,-7.6634636,5.364245
2013-07-18T09-08-50.544  -2.0303779,-6.7820964,10.269245
2013-07-18T09-08-50.563  -2.4902215,-6.207292,15.519128
2013-07-18T09-08-50.565  -2.9883857,-5.709128,19.46612
2013-07-18T09-08-50.581  -3.4482293,-3.754792,19.581081
2013-07-18T09-08-50.584  -2.0686982,-1.9920574,19.581081
2013-07-18T09-08-50.600  -0.8424481,-1.4555731,19.581081
2013-07-18T09-08-50.601  -0.68916684,-1.8770965,19.581081
2013-07-18T09-08-50.616  -1.4172528,-2.7967842,19.581081
2013-07-18T09-08-50.618  -2.4902215,-4.0996747,19.581081
2013-07-18T09-08-50.635  -3.4482293,-4.0996747,19.581081
2013-07-18T09-08-50.636  -3.3332684,-3.3332684,19.581081
2013-07-18T09-08-50.637  -1.3406122,-3.9080732,18.852995
2013-07-18T09-08-50.640  1.4567707,-4.061354,17.550104
2013-07-18T09-08-50.660  4.4840755,-4.0996747,16.055613
2013-07-18T09-08-50.661  7.8179426,-4.5595183,11.993659
2013-07-18T09-08-50.665  10.270443,-5.8240886,7.3952217
2013-07-18T09-08-50.678  11.420052,-5.97737,2.8351045
2013-07-18T09-08-50.680  10.921887,-5.2109637,-1.8399738
2013-07-18T09-08-50.702  9.5423565,-4.4828777,-4.7139974
2013-07-18T09-08-50.703  7.051536,-4.214636,-6.400091
2013-07-18T09-08-50.705  5.403763,-4.0996747,-6.7449737
2013-07-18T09-08-50.713  4.215833,-3.409909,-6.668333
2013-07-18T09-08-50.732  4.4840755,-2.7967842,-7.2048173
2013-07-18T09-08-50.734  6.9365754,-3.869753,-10.921887
2013-07-18T09-08-50.748  9.657317,-5.4408855,-17.819544
2013-07-18T09-08-50.749  11.726614,-6.6671357,-19.543959
2013-07-18T09-08-50.761  12.952865,-6.1306515,-19.543959
2013-07-18T09-08-50.762  13.297748,-4.9427214,-19.543959
2013-07-18T09-08-50.781  13.412708,-3.3332684,-19.543959
2013-07-18T09-08-50.783  13.489348,-2.2602997,-19.543959
2013-07-18T09-08-50.796  13.910872,-0.7274872,-19.543959
2013-07-18T09-08-50.798  15.367044,-0.68916684,-19.543959
2013-07-18T09-08-50.817  17.972826,-0.8807684,-19.543959
2013-07-18T09-08-50.819  19.543959,-2.5285418,-19.543959
2013-07-18T09-08-50.820  19.543959,-4.4445577,-19.543959
2013-07-18T09-08-50.833  19.543959,-5.4025655,-19.543959
2013-07-18T09-08-50.834  19.543959,-5.4408855,-19.543959
2013-07-18T09-08-50.846  19.58228,-5.862409,-19.543959
2013-07-18T09-08-50.849  19.543959,-5.97737,-19.543959
2013-07-18T09-08-50.863  19.543959,-6.3222528,-17.551302
2013-07-18T09-08-50.865  19.467318,-6.092331,-13.182786
2013-07-18T09-08-50.883  18.202747,-6.2839327,-10.806927
2013-07-18T09-08-50.884  16.248411,-7.0886593,-9.504036
2013-07-18T09-08-50.897  14.715599,-7.1269794,-8.392747
2013-07-18T09-08-50.898  12.799583,-7.4718623,-5.518724
2013-07-18T09-08-50.917  11.381732,-9.387877,-0.23052064
2013-07-18T09-08-50.918  9.887239,-10.422526,6.5521746
2013-07-18T09-08-50.938  8.392747,-10.077643,14.024635
2013-07-18T09-08-50.939  6.5533724,-9.311237,19.4278
2013-07-18T09-08-50.940  4.100872,-8.008347,19.581081
2013-07-18T09-08-50.945  0.57540345,-5.8240886,19.581081
2013-07-18T09-08-50.965  -2.413581,-3.0650263,19.581081
2013-07-18T09-08-50.965  -4.597839,-0.4975653,19.581081
2013-07-18T09-08-50.971  -5.1726437,0.8053253,19.581081
2013-07-18T09-08-50.986  -4.367917,0.95860654,19.581081
2013-07-18T09-08-50.989  -2.9500654,0.88196594,19.581081
2013-07-18T09-08-51.003  -1.0340496,0.23052064,18.546432
2013-07-18T09-08-51.006  0.42212218,-0.22932312,15.672409
2013-07-18T09-08-51.027  1.8399738,0.53708315,14.024635
2013-07-18T09-08-51.028  2.491419,1.3418097,14.024635
2013-07-18T09-08-51.030  2.8363018,1.9549347,13.41151
2013-07-18T09-08-51.034  2.7596612,2.491419,13.181589
2013-07-18T09-08-51.052  2.8363018,2.8363018,13.181589
2013-07-18T09-08-51.053  3.0662239,2.7596612,12.645104
2013-07-18T09-08-51.074  3.4111066,2.6830206,12.03198
2013-07-18T09-08-51.076  3.9092705,2.1848567,10.88237
2013-07-18T09-08-51.092  4.292474,1.6100519,9.234596
2013-07-18T09-08-51.093  4.4840755,1.9549347,8.199948
2013-07-18T09-08-51.119  4.215833,1.8782941,7.433542
2013-07-18T09-08-51.120  3.4111066,1.7250128,7.548503
2013-07-18T09-08-51.135  2.7979815,1.9166144,8.008347
2013-07-18T09-08-51.136  1.6483722,1.9166144,8.314909
2013-07-18T09-08-51.138  0.4604425,1.7633331,8.46819
